66 222 264
15 151 279
124 216 294
93 205 202
303 102 317
336 352 299
331 224 250
211 215 196
317 129 73
156 318 10
204 258 245
252 358 41
338 93 211
321 322 23
66 15 189
299 97 350
63 174 158
178 138 117
224 260 39
1 96 97
216 247 246
27 191 42
161 338 360
2 174 5
65 119 222
307 75 307
204 350 213
295 102 339
146 54 207
166 69 30
191 326 2
246 207 295
299 297 283
259 302 25
280 79 327
158 247 303
328 354 41
85 75 85
318 196 182
10 44 226
327 323 251
193 167 196
205 52 133
97 25 215
346 235 319
205 148 241
14 193 212
306 217 166
103 221 219
80 30 114
221 344 144
134 146 59
269 96 110
278 13 44
251 322 248
344 140 332
241 257 185
43 76 28
45 288 297
96 62 253
183 265 81
114 89 222
90 284 293
280 290 52
22 187 234
219 220 59
289 312 151
47 192 99
41 302 155
203 249 146
207 345 259
134 250 80
297 276 115
208 240 239
302 69 169
252 83 205
322 76 263
232 135 221
202 126 26
124 152 139
20 118 338
271 94 39
61 46 260
271 350 260
212 0 73
218 352 168
110 148 350
285 355 1
244 56 53
84 257 324
143 98 76
167 283 271
132 295 182
257 140 124
175 90 11
162 278 159
323 265 230
338 20 311
329 122 303
75 29 175
81 90 354
34 60 159
353 206 44
225 278 308
64 19 246
222 97 220
322 40 141
240 63 228
258 9 262
104 104 339
251 162 48
26 351 218
131 227 105
126 137 1
72 360 179
228 360 116
228 256 31
185 324 158
30 138 339
214 71 38
107 316 115
83 233 69
356 335 274
329 244 313
27 244 72
134 305 328
179 210 62
115 35 226
346 297 63
21 343 234
150 73 153
228 279 240
43 208 276
78 351 9
100 186 330
321 108 345
13 57 155
37 334 195
288 146 322
132 312 117
15 37 78
322 15 326
158 198 50
356 24 195
15 309 79
263 194 57
55 27 133
180 252 144
190 137 303
340 177 105
109 46 215
6 89 325
89 37 338
54 335 350
125 202 153
282 351 141
340 16 270
234 336 119
61 93 343
173 310 282
147 33 211
107 38 88
66 169 21
124 349 44
111 143 271
247 211 249
325 223 225
39 199 268
274 309 251
171 295 332
293 84 162
302 273 254
213 147 105
240 255 126
116 280 215
221 151 334
141 353 35
222 268 31
352 238 221
189 230 165
237 133 292
47 311 325
22 190 177
303 302 305
90 27 94
154 338 118
141 354 216
209 200 45
313 254 118
171 47 295
257 194 68
273 41 150
226 45 185
47 279 179
121 264 260
92 291 153
287 140 225
315 5 102
24 309 123
280 0 105
20 166 353
4 89 182
205 47 314
172 314 22
83 348 218
165 200 161
177 218 101
5 252 45
202 315 198
193 80 22
16 238 171
308 74 291
293 35 247
161 248 154
200 88 57
149 199 319
128 234 219
181 358 194
23 182 156
242 259 256
124 110 38
114 263 348
90 98 333
229 337 129
113 308 338
352 212 57
241 318 234
357 213 3
275 149 350
122 348 307
251 124 132
116 49 34
32 231 317
227 158 62
17 329 18
152 266 278
315 37 351
283 203 272
225 303 306
81 178 265
180 313 249
108 194 1
216 187 150
308 209 213
189 127 258
78 166 104
171 200 136
259 236 211
28 275 175
61 290 287
78 308 330
310 96 208
39 190 105
343 117 0
170 92 3
215 153 296
63 137 281
8 44 124
293 229 254
177 13 191
225 12 12
76 177 4
12 108 343
154 22 356
155 256 254
163 29 18
314 67 326
256 44 35
97 52 249
306 62 101
244 199 358
297 173 156
24 150 40
92 115 330
105 151 193
214 115 158
268 246 169
16 173 313
10 283 33
245 116 279
202 74 42
359 65 325
303 220 236
282 131 244
360 80 189
39 5 95
153 143 313
24 258 159
42 282 212
284 358 354
104 314 316
57 335 91
107 127 261
120 28 268
84 339 213
81 161 251
244 240 269
286 285 125
235 225 13
321 350 269
252 106 39
256 258 208
103 200 40
333 179 348
304 124 246
156 162 29
292 8 185
82 2 356
58 159 178
85 40 25
51 275 208
144 53 244
347 42 352
60 259 231
78 260 333
313 271 297
137 33 128
82 354 54
266 114 350
77 132 210
223 144 2
347 103 131
76 39 263
173 350 184
39 251 118
120 16 277
294 138 6
74 319 278
6 7 61
75 217 178
44 351 320
1 289 93
28 81 15
144 53 63
207 294 41
102 48 260
263 238 137
287 305 143
49 239 24
302 62 335
284 69 144
155 139 298
140 132 249
211 20 111
353 96 346
199 16 269
338 270 165
90 44 322
218 290 50
76 264 174
297 246 344
240 16 142
94 127 63
211 190 308
193 263 106
209 90 25
232 75 70
244 67 194
283 290 251
333 266 232
106 74 266
338 349 28
98 130 278
287 114 123
272 339 192
182 265 324
97 142 195
185 260 336
160 290 44
342 284 198
259 112 143
247 119 68
219 129 248
45 60 270
293 300 220
197 246 51
268 264 106
105 210 122
220 192 59
262 143 148
88 122 170
262 314 221
183 241 54
27 56 340
360 235 90
205 315 62
251 139 340
252 94 130
245 339 52
190 192 5
303 181 141
254 284 60
256 7 112
211 348 284
342 183 257
353 97 143
200 329 326
302 20 66
186 343 75
332 294 244
117 99 285
300 5 187
153 244 28
111 329 293
129 61 190
315 121 270
0 265 38
352 75 133
144 244 270
107 66 218
186 333 201
308 294 286
152 36 195
234 314 153
198 260 64
328 181 55
26 261 270
269 342 135
349 252 299
255 279 1
326 291 122
292 312 226
278 264 258
25 56 165
351 290 266
126 328 31
223 304 285
38 91 16
334 121 197
59 329 225
113 140 39
60 302 248
44 303 86
164 141 106
136 247 10
196 138 279
276 46 80
177 341 278
251 85 19
83 59 0
12 337 329
107 121 7
236 181 232
216 100 87
45 312 310
26 62 113
43 200 54
163 207 91
250 254 88
282 247 107
230 306 36
128 196 226
152 229 166
155 226 143
231 96 34
105 144 358
255 34 185
263 7 142
59 342 286
310 178 333
16 98 124
222 141 221
160 39 148
260 345 225
21 184 134
359 85 162
269 118 347
276 30 147
128 140 92
86 172 236
301 236 340
155 332 57
92 284 357
174 340 43
165 148 79
290 345 215
10 344 87
312 317 352
221 242 324
44 288 147
173 25 10
165 349 8
295 278 320
17 205 281
62 8 208
150 263 28
331 293 99
47 203 337
11 30 297
129 175 210
234 221 177
117 141 61
321 221 76
255 19 200
31 142 285
151 232 281
151 270 121
137 313 104
206 56 124
150 17 276
175 144 218
109 25 295
241 316 60
41 258 276
279 12 50
4 335 36
50 42 16
110 68 160
81 15 197
217 316 322
353 103 0
6 80 17
308 87 285
203 329 230
164 69 242
157 80 211
195 202 1
283 280 103
85 145 304
27 144 68
41 17 290
190 244 32
317 300 26
15 267 86
308 186 139
218 36 93
122 283 53
175 296 4
206 51 102
223 247 295
348 219 46
228 229 274
14 160 342
41 37 110
15 189 171
177 275 291
162 84 24
27 263 38
64 11 67
32 92 202
359 141 203
241 296 82
230 140 104
6 230 117
137 350 285
43 175 221
59 173 262
214 74 243
158 60 355
237 87 151
265 348 217
291 321 248
265 278 126
131 21 288
298 340 129
228 147 164
181 106 86
127 326 285
160 335 185
257 199 236
77 249 91
356 60 314
88 41 125
275 11 91
22 160 296
158 87 350
24 102 3
349 74 98
344 354 138
92 284 216
147 355 279
159 43 329
212 39 247
7 257 173
117 246 70
319 199 254
91 22 129
56 336 222
283 21 144
322 208 255
39 232 104
138 115 296
226 223 91
113 79 105
276 352 170
40 205 70
61 210 186
89 145 111
33 139 211
59 44 27
293 131 298
345 298 170
204 334 304
51 299 242
144 323 27
40 286 334
117 71 207
235 233 192
20 163 17
207 1 2
256 70 66
205 109 111
357 343 297
46 276 165
97 262 179
312 20 55
87 174 239
169 88 312
356 208 280
200 204 29
84 41 204
315 224 3
33 228 157
340 133 263
285 205 208
353 334 81
132 331 124
341 113 316
149 227 68
326 137 246
21 274 187
114 145 210
39 119 56
350 257 170
86 150 158
121 329 34
255 293 182
347 230 184
200 1 250
267 16 85
292 219 160
180 37 80
90 18 20
265 267 241
248 62 196
275 296 140
308 124 141
140 88 323
192 208 62
97 325 141
205 175 251
213 44 30
360 306 165
154 26 222
309 59 18
343 138 62
227 161 88
215 204 202
340 80 10
139 87 303
169 357 282
61 303 315
167 152 52
72 108 50
113 328 14
274 204 360
85 101 20
135 0 148
25 235 223
193 287 350
295 335 128
57 112 91
78 334 330
80 301 97
228 7 86
324 6 253
64 158 235
177 120 108
224 332 140
289 273 25
54 1 16
90 200 147
146 292 301
228 107 123
345 308 199
355 333 349
211 42 250
348 123 11
102 267 116
94 320 5
220 191 164
320 321 144
347 50 26
358 58 259
104 167 266
219 248 323
221 358 76
357 83 42
111 328 116
42 130 342
90 225 114
130 14 196
320 11 82
188 22 351
150 282 155
203 108 104
318 205 247
75 225 101
26 124 54
154 60 206
187 31 88
94 12 126
33 5 305
246 233 344
271 227 334
358 241 306
198 21 82
165 7 244
172 62 13
171 227 35
341 89 92
256 304 314
22 225 104
125 158 310
68 276 349
298 179 199
167 3 170
270 129 332
70 45 3
299 295 132
306 76 117
326 169 14
38 225 99
73 173 310
134 272 237
271 185 350
219 52 297
207 67 49
72 56 266
37 189 158
103 285 140
170 222 345
286 79 267
55 108 12
207 135 50
285 330 354
58 324 212
44 244 348
271 182 78
340 316 96
246 79 344
238 357 329
115 157 219
336 77 286
84 115 228
14 179 194
60 208 158
17 35 272
231 127 346
59 228 115
125 307 100
5 198 47
149 320 321
339 204 89
37 232 210
173 40 227
191 95 93
86 62 321
55 80 53
156 220 51
114 158 51
23 106 139
56 258 153
281 204 75
297 271 319
139 1 219
192 108 150
249 195 176
123 130 270
19 318 80
211 66 135
2 72 262
70 302 190
28 195 37
349 238 86
216 197 168
60 36 174
293 348 277
182 339 260
154 270 54
12 188 279
350 152 292
62 208 73
76 251 292
67 303 288
256 46 137
263 165 37
191 141 348
224 9 1
218 142 63
213 208 41
244 279 187
137 143 234
221 148 273
35 183 222
337 113 136
26 116 90
158 20 36
272 344 329
44 155 189
22 223 305
40 76 251
3 287 161
20 82 293
45 264 81
313 110 282
53 239 245
43 64 44
49 145 74
134 104 236
259 130 349
114 50 334
140 236 41
66 120 61
312 291 194
246 148 336
130 165 33
157 246 328
335 143 217
314 263 310
268 100 347
26 10 298
286 204 1
135 334 323
25 155 120
171 141 329
31 45 295
146 309 125
329 318 352
280 242 296
360 14 293
77 236 187
73 276 226
228 192 157
15 53 120
5 221 157
123 314 209
326 237 233
207 56 60
231 262 77
129 241 35
7 160 2
321 297 113
122 94 178
303 210 326
131 215 98
299 238 202
9 242 210
186 247 163
36 156 241
180 76 133
194 202 165
218 351 125
301 52 62
126 82 256
56 220 118
266 51 230
30 239 0
84 311 334
264 224 358
230 112 119
318 135 151
161 134 332
340 201 204
193 79 291
89 88 23
22 200 155
325 184 93
33 90 314
116 329 116
98 162 194
201 334 293
296 179 278
36 104 154
154 136 50
12 33 340
299 99 7
110 262 348
35 179 349
239 313 218
67 262 258
310 197 117
145 7 227
52 327 256
84 41 95
196 224 275
63 116 77
299 58 207
45 186 185
230 310 2
290 16 189
19 274 344
346 310 247
185 298 154
305 350 326
87 138 46
245 216 235
266 164 183
125 309 76
209 157 18
281 68 25
354 140 201
57 42 58
302 95 138
350 120 343
234 187 6
128 257 310
156 10 290
159 217 325
41 199 76
48 347 9
31 185 288
360 98 340
121 318 151
186 205 253
66 73 86
58 217 139
287 68 112
100 116 308
149 43 136
23 216 139
63 45 354
95 40 329
215 218 353
53 26 63
174 176 286
40 115 106
38 77 49
158 136 24
88 272 213
233 298 176
41 235 255
275 90 264
169 192 358
98 345 310
178 194 246
219 54 304
272 332 335
176 159 176
174 86 272
206 105 189
225 273 306
110 290 76
348 252 348
274 95 35
130 341 136
172 122 185
109 213 145
41 138 355
339 61 358
171 187 94
184 321 314
158 35 120
209 320 65
164 235 37
285 117 359
245 110 27
93 175 276
337 100 341
85 33 319
308 350 205
314 3 63
308 235 194
242 115 113
262 323 5
81 254 326
8 75 298
142 36 49
292 175 287
61 70 97
251 309 154
67 79 222
228 109 304
239 150 13
99 96 286
173 214 69
156 269 311
22 320 234
35 51 158
131 125 279
149 106 83
236 15 126
182 258 65
71 31 211
286 266 88
47 197 302
185 284 277
125 290 65
17 302 278
114 85 75
159 139 117
98 172 353
243 162 133
318 207 86
289 301 89
146 264 35
140 69 323
344 204 146
4 249 222
249 191 33
279 303 60
351 231 142
359 346 305
82 129 211
129 47 154
356 203 5
274 46 197
317 40 90
291 117 332
132 164 352
236 274 110
113 227 140
206 172 69
318 193 186
29 71 82
221 208 44
191 263 270
173 163 213
253 355 82
274 134 20
17 198 195
119 61 113
213 53 28
308 273 174
188 224 26
165 191 164
220 107 224
353 278 214
194 125 102
262 164 99
92 294 144
285 200 224
178 268 350
6 73 15
26 66 45
82 12 237
298 304 356
265 288 101
51 287 215
142 88 106
316 178 93
73 16 42
93 79 85
54 110 154
66 354 106
113 27 93
171 230 142
59 121 162
44 51 356
68 286 24
326 145 122
291 317 107
187 333 138
105 264 113
99 191 157
316 220 338
295 266 144
94 198 273
183 278 212
95 249 260
67 286 129
236 120 293
276 207 62
242 67 153
13 240 19
16 156 55
158 243 37
264 11 327
192 10 317
137 11 316
74 305 237
151 248 177
214 135 355
176 140 97
154 264 152
220 290 313
123 243 215
134 14 99
90 96 189
332 97 351
293 212 324
320 82 336
315 136 359
49 93 96
351 256 180
86 194 219
342 56 131
204 201 226
245 234 183
210 181 139
49 356 355
46 38 268
351 174 172
271 30 34
120 134 336
342 153 27
213 107 178
317 213 241
345 185 262
96 47 125
179 14 125
49 311 215
262 212 54
53 158 356
185 222 283
34 120 155
70 90 73
54 108 309
331 240 207
291 265 96
345 298 8
172 263 338
353 212 308
184 291 63
72 339 282
108 40 169
224 306 65
224 205 237
82 294 106
282 349 276
38 149 65
38 306 57
241 101 126
92 311 94
178 184 256
198 265 243
239 246 268
122 318 76
178 292 351
18 308 339
358 156 233
234 262 115
47 170 343
314 4 33
55 55 201
332 273 354
340 290 294
263 311 326
274 99 82
10 302 269
25 181 329
75 358 18
291 197 100
156 174 242
31 273 60
1 223 114
286 99 310
219 292 250
21 204 25
145 216 64
244 73 158
16 211 175
270 223 334
293 132 221
262 333 133
47 340 66
128 357 263
175 332 357
304 285 285
307 280 330
58 249 133
136 130 66
349 143 255
327 0 58
152 48 258
84 98 325
84 345 31
53 94 162
241 95 32
68 147 296
141 177 44
346 49 246
83 261 192
159 160 7
134 245 68
319 243 231
181 210 16
236 183 243
216 262 216
76 239 99
279 241 188
221 141 69
298 222 64
349 168 258
25 188 318
12 106 309
144 105 213
14 295 254
108 354 19
70 45 177
339 92 241
158 356 305
79 331 329
272 349 109
28 207 323
218 30 354
259 268 165
242 86 170
9 178 207
323 38 235
204 108 210
131 28 307
166 209 50
30 213 188
261 104 253
26 43 162
347 175 356
8 140 88
225 218 7
83 348 346
141 193 273
133 92 119
32 148 32
351 67 56
75 169 299
354 293 33
12 130 143
303 278 91
75 140 295
30 182 172
69 28 305
185 105 93
229 168 210
128 343 228
14 221 340
131 261 293
98 274 129
137 103 295
278 172 229
126 187 277
72 78 7
234 262 307
318 352 67
98 297 156
309 252 83
279 110 0
152 229 240
0 73 224
74 164 71
251 272 225
202 55 168
209 45 311
31 24 60
100 4 323
75 316 218
325 69 150
146 310 302
314 215 50
30 257 262
6 199 149
41 339 27
61 209 22
164 6 139
102 308 330
70 125 186
238 165 337
191 161 289
330 151 149
141 331 242
245 319 285
229 346 117
115 303 2
269 70 200
323 261 209
72 334 320
92 222 236
320 191 310
38 227 69
82 342 333
100 156 225
158 240 22
350 120 337
34 36 272
131 216 48
271 153 16
83 73 280
311 61 321
77 43 277
248 281 93
7 161 340
170 73 269
8 294 75
20 266 297
330 31 323
45 89 62
107 86 69
335 332 67
293 250 357
169 95 243
121 0 86
204 211 181
234 44 205
136 38 82
91 210 224
259 146 88
168 330 120
230 190 354
159 309 266
135 21 245
164 22 326
23 156 201
196 308 350
23 205 126
153 346 333
46 173 256
60 116 115
274 273 75
299 326 270
50 332 238
275 212 78
5 98 323
322 296 276
92 176 51
319 179 289
55 42 212
284 248 308
14 101 325
131 86 227
214 7 99
310 283 263
17 343 288
194 293 54
234 186 262
110 206 279
87 319 241
349 126 291
71 298 312
285 21 64
125 118 355
227 100 9
156 327 246
86 176 60
112 76 1
321 262 127
297 280 25
203 250 192
358 18 67
323 224 153
136 338 250
233 18 151
22 129 330
215 299 263
350 101 308
51 49 104
123 194 6
265 329 161
66 326 44
317 251 123
321 193 266
304 4 89
280 308 295
40 46 51
53 222 273
29 160 315
11 271 182
205 5 89
33 218 33
286 4 87
271 29 135
321 285 216
107 358 210
276 122 94
186 306 322
45 36 66
57 62 150
113 206 222
306 230 140
176 285 306
149 265 323
30 76 19
309 326 304
22 275 93
126 226 351
55 301 121
360 3 241
337 40 32
237 263 191
280 148 311
273 189 231
106 232 337
26 123 148
25 58 87
263 199 70
189 15 169
211 66 83
10 265 12
178 74 271
69 164 281
256 354 5
97 226 179
331 222 45
135 320 62
257 112 321
137 5 335
192 11 212
208 152 184
166 322 313
115 193 181
191 27 6
225 13 279
296 191 64
183 226 297
321 49 260
299 168 79
338 279 69
256 188 6
192 348 252
155 85 254
142 3 120
28 358 7
19 143 155
90 5 54
357 57 39
105 345 107
274 220 138
111 158 56
345 336 213
211 186 216
33 117 76
358 267 190
263 55 326
118 148 106
345 213 40
19 294 228
92 175 76
327 128 298
226 4 301
269 219 227
53 162 152
148 46 125
37 239 237
342 349 90
44 230 165
198 119 304
344 52 207
193 264 246
40 304 169
52 338 313
338 114 313
356 168 121
283 214 268
153 266 317
7 42 134
144 230 183
157 33 324
114 45 100
307 144 232
256 152 273
10 171 273
250 120 126
118 286 141
353 255 197
359 67 65
97 346 232
340 157 100
293 172 201
289 70 302
299 4 30
169 238 160
129 119 104
49 189 347
77 126 353
50 341 175
76 196 24
24 152 150
94 0 198
230 13 108
243 17 132
151 289 22
130 55 5
4 272 326
230 305 60
93 72 223
101 78 89
76 171 15
106 127 36
91 205 181
345 17 145
187 236 68
157 125 164
237 127 244
58 31 231
41 339 281
348 25 174
302 316 120
279 94 0
155 139 97
128 253 353
277 339 332
301 241 338
226 142 39
78 298 81
293 314 157
129 88 126
125 60 260
107 139 209
315 131 42
47 118 323
46 331 287
173 186 172
48 177 317
274 341 94
360 165 84
120 290 106
253 64 170
60 77 152
250 218 237
90 319 172
246 281 107
256 3 322
263 68 22
2 57 231
171 192 77
21 29 97
281 63 15
78 285 192
123 355 118
48 90 68
241 167 111
114 53 112
334 281 220
112 182 185
187 305 167
36 37 337
338 107 70
61 173 146
78 270 269
18 156 109
192 209 356
150 16 198
237 137 30
136 212 68
117 242 74
200 297 87
13 7 94
112 158 22
173 128 163
289 134 134
224 75 336
339 184 93
201 127 230
49 239 69
69 279 291
323 257 253
196 236 161
141 71 298
72 242 43
89 253 164
285 20 18
75 182 114
38 135 137
358 0 110
254 313 30
20 4 154
73 206 63
137 250 220
83 319 75
273 203 99
141 331 20
182 55 296
298 208 358
347 258 95
142 136 126
193 180 99
320 264 346
128 302 159
298 355 153
33 65 45
348 134 47
302 334 69
27 110 179
122 83 10
55 15 46
184 189 40
209 109 276
0 134 249
297 67 162
2 161 17
61 86 212
173 141 301
176 353 48
243 142 324
148 307 255
256 119 47
35 12 114
162 292 331
332 339 174
78 292 13
105 11 253
0 113 203
252 323 306
184 110 212
298 281 94
133 14 198
71 110 138
228 191 39
12 150 118
129 147 149
330 202 298
349 339 342
184 75 177
221 333 316
276 49 346
0 201 218
72 244 344
40 315 61
69 134 168
9 258 136
306 133 315
30 247 164
259 255 209
158 84 298
294 42 186
17 251 55
163 283 136
138 222 261
317 297 325
32 354 223
44 202 138
208 199 302
132 44 289
293 24 184
9 113 108
37 78 327
126 137 196
47 100 54
46 309 4
339 175 259
122 4 102
231 49 64
258 283 358
36 278 87
341 71 15
61 204 304
0 320 301
53 144 175
351 97 184
60 75 195
333 308 242
157 157 335
0 279 154
52 331 191
315 92 161
22 132 269
328 167 349
309 256 162
42 187 321
119 255 351
46 238 84
136 139 182
52 314 38
348 52 316
355 351 88
219 16 282
253 257 253
286 97 210
196 6 156
255 144 285
28 44 182
183 119 272
150 144 198
42 66 189
68 10 0
360 201 193
304 103 102
292 311 145
110 333 132
291 201 152
31 190 210
217 310 95
199 327 150
64 49 335
60 314 260
116 68 359
353 257 8
43 302 35
80 278 203
125 26 25
224 108 204
266 75 292
304 130 117
288 184 148
144 136 59
203 232 20
359 324 256
148 169 53
223 289 70
357 359 272
237 282 139
204 121 235
267 345 322
286 250 323
56 7 178
323 214 170
198 158 44
340 142 296
72 106 142
130 290 53
214 329 152
334 164 127
131 251 192
235 172 315
24 86 31
155 143 130
296 205 320
241 76 135
292 237 20
37 314 231
345 210 117
138 341 75
222 43 164
248 17 94
285 314 15
124 60 241
208 303 278
356 62 245
6 331 168
92 360 148
95 226 292
325 261 303
42 235 316
113 226 216
8 146 2
323 185 330
248 79 37
190 39 303
261 192 21
337 158 235
87 294 317
22 220 111
350 177 115
133 76 108
290 260 296
74 341 110
159 69 31
240 290 142
329 320 73
29 193 74
295 21 164
288 203 356
212 220 71
21 158 183
114 254 276
277 229 23
95 352 167
28 220 217
106 202 60
336 241 244
36 233 299
356 329 68
92 300 183
273 119 180
46 137 140
166 197 109
11 264 98
346 222 88
128 123 326
318 155 1
145 44 35
61 343 180
299 50 345
219 228 95
97 236 84
258 5 281
206 344 231
75 125 255
220 284 108
303 133 279
0 165 23
94 237 152
118 285 325
146 284 120
344 256 58
302 316 71
324 122 238
222 53 0
147 184 101
357 18 26
344 244 353
355 3 198
184 242 203
25 343 340
91 133 60
71 308 124
343 101 213
142 131 213
101 335 347
232 116 229
92 58 105
113 283 193
273 249 152
204 69 222
150 254 356
253 299 196
305 25 171
56 291 204
254 70 15
262 335 191
250 128 294
125 189 120
110 282 343
183 127 121
49 285 249
299 37 108
52 247 316
105 52 360
101 304 3
148 53 358
157 322 29
360 329 168
266 40 10
157 103 265
3 96 145
112 329 346
95 105 1
111 143 115
128 269 94
230 161 134
53 29 299
261 272 294
314 310 82
182 327 126
38 187 142
72 68 244
117 257 234
161 346 43
134 310 54
183 136 334
85 185 310
28 271 31
202 83 274
221 294 272
191 44 97
152 80 122
149 302 85
283 144 237
318 318 54
99 336 241
320 90 104
211 321 316
106 31 305
310 43 303
311 29 77
226 79 146
126 301 314
151 125 53
115 164 145
200 96 349
155 241 24
223 284 91
90 233 18
270 79 176
28 10 288
267 264 352
149 199 221
340 283 297
204 195 111
212 269 136
229 259 210
113 182 185
164 128 140
345 148 342
130 62 236
104 106 198
48 330 274
223 130 311
189 231 67
157 78 40
216 237 220
256 299 245
54 0 225
340 36 193
93 4 137
326 7 35
119 222 35
228 1 19
345 143 22
93 197 97
168 97 76
125 75 298
193 81 211
256 24 263
360 334 266
31 353 333
224 199 25
263 346 28
87 170 228
51 314 322
24 183 241
109 59 357
226 328 107
95 248 12
268 92 10
210 94 359
140 287 236
231 338 84
194 104 178
256 225 334
149 165 167
202 75 319
347 197 62
280 300 260
170 292 20
112 75 0
170 196 218
89 343 308
227 136 25
344 6 254
360 32 303
174 38 139
171 85 46
340 63 83
319 286 138
139 85 4
130 103 75
341 133 172
278 226 165
82 119 234
322 143 281
174 28 40
147 55 247
343 17 22
29 292 157
292 27 155
266 239 343
41 10 331
93 179 275
188 250 85
268 177 208
42 90 253
288 334 41
60 331 275
355 302 180
188 68 357
14 35 308
115 47 330
357 63 19
17 69 217
127 302 289
144 65 99
344 307 331
92 148 129
177 246 121
199 174 62
63 80 222
8 257 143
124 10 284
284 130 127
123 244 136
292 34 38
37 55 85
285 261 15
75 338 193
200 350 117
163 228 114
118 131 61
47 335 348
236 60 54
240 110 291
135 173 27
64 13 6
334 228 231
179 207 52
152 241 94
199 233 153
109 341 3
76 192 311
57 61 286
112 60 161
289 167 55
226 50 341
310 14 44
68 0 141
158 183 0
140 201 2
20 72 42
70 332 1
13 2 205
266 353 106
141 358 31
69 314 15
35 210 200
287 25 81
345 65 167
281 337 300
296 93 207
204 160 305
198 249 169
14 185 27
297 308 245
99 297 32
48 187 143
13 79 102
161 43 286
17 41 231
253 79 30
5 311 341
28 294 287
11 112 298
289 15 119
129 218 288
180 248 194
302 225 50
243 181 76
348 158 262
185 277 194
78 89 7
245 334 240
113 222 308
242 62 37
