-0.03 -0.02 -0.72
-0.05 -0.20 -0.09
-0.03 -0.09 -0.37
0.09 -0.05 -0.21
0.14 0.05 -0.47
-0.06 0.08 -0.03
0.02 -0.10 -0.33
0.00 -0.05 -0.13
0.10 -0.10 -0.53
-0.01 -0.07 -0.38
0.02 -0.14 -0.30
-0.12 -0.08 -0.40
-0.02 0.10 -0.24
0.00 0.06 -0.48
-0.03 -0.06 -0.42
0.05 -0.03 -0.31
0.05 -0.03 -0.22
0.03 -0.02 -0.26
-0.16 -0.08 -0.24
-0.01 -0.03 -0.25
0.00 -0.22 -0.60
0.02 -0.06 -0.23
0.00 -0.03 -0.21
-0.00 -0.14 -0.42
0.03 -0.07 -0.44
0.01 -0.19 -0.40
-0.12 -0.12 -0.46
-0.01 -0.02 -0.05
0.04 0.04 -0.14
-0.03 -0.08 -0.30
0.00 -0.14 -0.40
-0.19 -0.10 -0.39
-0.15 -0.07 0.07
0.01 -0.13 -0.44
0.13 -0.01 -0.26
0.02 -0.01 -0.16
0.01 0.09 -0.21
0.01 -0.10 -0.75
-0.01 -0.04 -0.32
-0.02 -0.10 -0.44
-0.09 0.26 -0.25
0.00 -0.13 -0.45
0.04 -0.22 -0.52
0.11 -0.05 -0.19
-0.04 -0.03 -0.27
0.03 -0.21 -0.49
-0.07 -0.13 -0.75
0.05 -0.03 -0.44
-0.02 -0.12 -0.40
0.10 -0.02 -0.12
0.03 0.07 -0.01
0.04 -0.01 -0.29
0.16 -0.04 -0.19
0.15 -0.04 -0.21
0.26 -0.00 0.03
0.03 -0.06 -0.25
0.02 -0.03 -0.13
-0.04 -0.01 -0.60
0.04 0.01 -0.06
-0.02 -0.02 -0.14
-0.03 0.01 -0.50
-0.17 -0.02 -0.02
0.06 -0.02 -0.03
0.11 -0.08 -0.36
-0.04 -0.16 -0.46
-0.11 -0.14 -0.44
0.15 -0.00 -0.13
0.11 0.01 -0.18
-0.12 -0.08 -0.11
-0.01 -0.05 -0.26
0.04 -0.15 -0.52
0.02 -0.03 -0.27
0.02 -0.10 -0.47
0.03 -0.17 -0.50
0.05 -0.06 -0.38
0.12 -0.10 -0.26
0.15 -0.21 -0.57
-0.07 -0.16 -0.59
0.00 -0.08 -0.27
0.03 -0.01 -0.10
0.00 0.01 -0.12
0.07 -0.09 -0.30
-0.02 -0.09 -0.40
-0.03 -0.10 -0.29
0.03 -0.17 -0.44
-0.09 -0.26 -0.66
-0.17 -0.02 -0.03
-0.07 -0.03 -0.38
0.05 -0.01 -0.06
0.04 -0.13 -0.68
-0.02 -0.08 -0.35
0.00 0.04 -0.19
-0.08 -0.05 -0.08
0.07 -0.03 -0.12
0.01 -0.00 -0.25
0.05 -0.18 -0.71
-0.01 0.16 -0.34
0.12 -0.22 -0.70
0.03 -0.23 0.13
0.11 -0.05 -0.18
0.11 -0.03 0.08
0.03 -0.08 -0.47
-0.01 0.09 -0.21
0.01 -0.04 -0.27
-0.04 -0.02 -0.68
0.01 -0.08 -0.44
0.03 -0.08 -0.50
0.04 -0.05 -0.14
0.03 -0.10 -0.42
-0.02 -0.15 -0.43
0.15 -0.02 -0.09
0.00 -0.08 -0.42
0.07 -0.03 -0.30
-0.06 -0.05 -0.24
0.06 -0.01 -0.07
0.02 -0.02 -0.26
0.06 -0.05 -0.41
0.03 -0.14 -0.47
0.01 -0.02 -0.37
0.02 -0.19 -0.59
0.09 -0.00 -0.10
0.05 -0.00 -0.12
-0.01 -0.06 -0.30
-0.02 -0.10 -0.43
-0.08 -0.15 -0.42
-0.02 -0.12 -0.40
0.00 -0.11 -0.14
0.03 -0.08 -0.45
0.09 -0.32 -0.63
-0.03 -0.18 -0.28
0.03 -0.02 -0.18
0.02 -0.03 -0.26
-0.18 -0.15 -0.09
0.13 -0.02 -0.15
0.03 -0.10 -0.52
0.01 0.08 -0.35
-0.02 -0.06 -0.24
-0.04 -0.01 -0.58
0.11 -0.05 -0.40
-0.03 -0.10 -0.37
0.05 0.12 -0.10
0.11 -0.24 -0.51
-0.12 -0.17 0.04
0.01 -0.14 -0.48
-0.03 -0.14 -0.30
0.01 -0.07 -0.31
0.14 -0.01 -0.03
0.01 0.01 -0.24
0.02 -0.06 -0.21
0.02 -0.08 -0.33
0.10 -0.11 -0.49
-0.00 -0.06 -0.27
0.07 -0.04 -0.27
0.15 -0.00 0.05
-0.19 -0.05 -0.01
0.11 -0.11 -0.56
0.01 -0.12 -0.11
-0.05 -0.12 -0.45
-0.04 -0.01 -0.65
0.05 -0.08 -0.76
-0.04 -0.06 -0.22
-0.00 0.03 0.06
0.11 -0.04 -0.19
0.05 -0.07 -0.26
0.05 -0.08 -0.41
0.01 -0.04 -0.15
-0.01 0.05 -0.12
-0.20 -0.20 -0.10
-0.04 -0.00 -0.18
-0.02 -0.21 -0.54
-0.01 -0.03 -0.03
0.02 -0.18 -0.45
0.01 -0.18 -0.59
-0.01 -0.04 -0.17
0.11 -0.02 -0.20
-0.05 -0.15 -0.57
-0.03 -0.08 -0.25
-0.01 -0.24 -0.66
0.01 -0.07 -0.11
-0.01 -0.18 -0.51
-0.08 -0.11 -0.42
-0.01 -0.02 -0.05
-0.09 -0.22 -0.11
0.00 -0.08 -0.52
0.23 -0.06 -0.17
0.04 0.06 -0.07
0.05 0.01 -0.14
-0.01 -0.06 -0.19
-0.03 0.19 -0.33
0.01 -0.01 -0.27
-0.06 -0.12 -0.44
-0.06 -0.15 -0.30
-0.14 -0.11 -0.45
0.00 -0.01 -0.04
-0.04 -0.09 -0.38
0.09 -0.02 -0.16
0.04 -0.09 -0.45
0.02 0.05 -0.40
0.00 0.02 -0.11
0.17 -0.03 -0.24
0.04 0.01 -0.18
-0.01 -0.16 -0.76
0.00 -0.10 -0.31
0.00 -0.02 -0.27
0.02 -0.09 -0.38
0.00 -0.07 -0.20
0.03 -0.08 -0.68
-0.02 -0.13 -0.13
-0.00 0.03 -0.16
-0.02 -0.16 -0.57
0.05 -0.04 -0.47
0.03 -0.02 -0.44
0.04 -0.17 -0.21
0.00 -0.04 -0.25
-0.05 -0.27 -0.45
-0.18 -0.17 0.01
0.12 -0.03 -0.28
-0.00 0.03 -0.17
-0.02 -0.16 -0.22
-0.21 -0.04 -0.32
0.09 -0.02 -0.20
0.04 -0.16 -0.71
0.07 -0.06 -0.28
-0.20 -0.06 -0.28
0.02 -0.23 -0.75
-0.01 0.02 -0.30
0.11 -0.01 -0.15
0.01 -0.21 -0.64
0.18 -0.03 -0.22
-0.04 -0.09 -0.43
0.09 -0.02 -0.14
0.09 -0.02 -0.13
-0.01 -0.03 -0.27
-0.05 -0.10 -0.55
0.00 -0.01 -0.18
-0.01 -0.05 -0.21
0.03 0.08 -0.44
0.15 -0.00 -0.11
0.10 -0.00 0.03
0.08 -0.01 -0.06
0.01 -0.04 -0.18
0.01 -0.08 -0.37
-0.01 -0.20 -0.33
-0.08 -0.12 0.17
0.00 -0.06 -0.32
0.10 -0.07 -0.38
-0.04 -0.14 0.00
0.11 -0.09 -0.23
-0.08 -0.13 -0.15
0.06 -0.08 -0.34
0.08 -0.08 -0.75
0.02 -0.00 -0.15
0.10 0.03 -0.19
0.09 -0.22 -0.74
0.01 -0.10 -0.78
0.12 -0.20 -0.23
0.10 0.00 -0.04
-0.01 -0.10 -0.46
0.09 -0.11 -0.51
-0.01 -0.24 -0.20
-0.04 -0.12 -0.56
0.03 -0.11 -0.44
-0.02 -0.07 -0.27
-0.03 -0.12 -0.40
0.07 -0.18 -0.77
0.03 0.09 -0.06
0.07 0.09 -0.49
-0.23 -0.02 -0.32
0.09 -0.04 -0.32
-0.08 -0.11 0.16
-0.11 0.03 -0.17
0.01 -0.10 -0.44
-0.03 -0.06 -0.25
0.04 -0.02 -0.11
0.04 -0.07 -0.27
0.05 0.11 0.13
0.06 -0.10 -0.50
0.02 -0.02 -0.31
-0.01 -0.09 -0.27
-0.00 -0.08 -0.29
0.05 -0.24 -0.23
0.01 -0.04 -0.30
0.04 -0.06 -0.51
0.19 -0.05 -0.30
-0.00 -0.24 -0.06
0.07 -0.01 -0.24
-0.03 -0.06 -0.08
-0.02 -0.04 -0.09
-0.20 -0.17 -0.11
0.24 0.01 -0.23
0.11 -0.08 -0.29
-0.02 -0.13 -0.46
0.05 -0.06 -0.29
0.07 -0.16 -0.76
0.05 -0.01 -0.07
0.00 -0.09 -0.33
-0.16 -0.10 -0.40
-0.00 -0.10 -0.45
0.10 -0.03 -0.06
0.01 0.11 -0.47
0.13 -0.03 -0.11
0.10 -0.02 -0.15
0.07 -0.03 -0.18
0.04 -0.08 -0.30
0.13 0.04 -0.54
0.04 0.02 -0.20
0.22 0.00 -0.17
0.18 -0.04 -0.18
0.01 -0.07 -0.32
0.06 -0.09 -0.69
-0.05 -0.07 -0.28
0.02 -0.12 -0.47
0.02 -0.01 -0.33
-0.00 -0.12 -0.45
0.07 -0.06 -0.30
-0.00 -0.08 0.02
0.09 -0.00 -0.25
0.07 -0.03 -0.22
0.08 -0.02 -0.16
0.17 -0.02 -0.02
-0.03 -0.17 -0.61
0.07 -0.23 -0.66
0.05 -0.06 -0.27
0.01 -0.12 -0.77
-0.03 -0.08 -0.33
0.12 -0.01 -0.17
0.09 -0.05 -0.42
-0.01 -0.10 -0.66
0.03 0.02 -0.23
0.15 -0.02 -0.12
-0.21 -0.15 -0.12
-0.03 -0.12 -0.46
0.05 0.01 -0.04
-0.06 -0.14 -0.49
-0.11 0.01 -0.41
0.01 -0.21 -0.65
0.09 -0.05 -0.18
0.16 -0.02 -0.28
-0.01 -0.00 -0.06
0.13 0.02 -0.49
0.17 -0.03 -0.26
-0.04 -0.18 -0.65
-0.09 -0.16 -0.49
-0.00 -0.19 -0.55
0.04 -0.25 -0.74
0.02 -0.21 -0.44
0.15 -0.30 -0.56
0.01 -0.09 -0.37
-0.00 0.02 -0.22
0.11 -0.03 -0.17
0.08 0.00 -0.20
-0.08 -0.16 -0.56
-0.09 -0.13 -0.74
-0.03 0.06 -0.17
0.02 -0.16 -0.47
-0.00 -0.20 -0.44
0.01 -0.06 -0.18
-0.18 -0.03 -0.38
0.05 -0.06 -0.29
0.03 -0.14 -0.32
0.01 -0.10 -0.52
0.00 0.07 -0.25
0.09 -0.01 -0.12
0.14 -0.06 -0.38
0.15 -0.01 -0.15
-0.01 -0.08 -0.21
0.06 -0.05 -0.28
-0.01 0.02 -0.25
0.00 -0.08 -0.26
0.00 -0.07 -0.22
0.03 -0.04 -0.19
0.17 -0.06 -0.14
-0.00 -0.00 -0.07
-0.17 -0.13 -0.10
0.11 -0.02 -0.10
0.00 -0.13 -0.43
0.19 -0.04 -0.21
0.04 -0.07 -0.26
-0.00 -0.15 -0.44
0.07 -0.07 -0.40
0.12 -0.03 -0.21
0.01 -0.07 -0.39
-0.00 0.07 -0.19
0.06 0.04 -0.19
0.00 -0.11 -0.70
0.01 -0.17 -0.43
-0.18 -0.07 -0.37
0.10 -0.14 -0.39
-0.02 -0.11 -0.47
0.00 -0.15 -0.40
-0.04 -0.07 -0.08
0.01 -0.12 -0.52
-0.05 -0.10 -0.42
0.02 -0.15 -0.27
0.03 -0.10 -0.37
0.01 -0.06 -0.46
0.04 -0.17 -0.18
0.13 -0.13 -0.47
0.01 -0.15 -0.38
-0.02 0.06 -0.30
0.11 0.03 -0.09
0.18 0.05 -0.47
-0.00 -0.04 -0.16
0.00 -0.19 -0.66
-0.08 -0.06 -0.22
0.02 -0.00 -0.15
-0.00 0.02 -0.19
0.01 -0.10 -0.09
0.08 0.04 -0.19
0.03 -0.08 -0.28
-0.01 -0.23 -0.54
0.03 -0.02 -0.45
-0.00 -0.23 -0.66
-0.08 -0.17 -0.58
0.02 -0.18 -0.39
0.00 0.13 -0.33
-0.05 -0.11 -0.50
0.18 -0.07 -0.19
0.03 -0.16 -0.31
-0.13 -0.07 -0.27
-0.01 0.01 -0.12
0.10 -0.07 -0.33
0.10 -0.01 -0.09
-0.12 -0.24 -0.10
0.04 -0.22 -0.12
-0.01 -0.13 -0.45
0.01 -0.19 -0.67
-0.02 -0.06 -0.23
0.02 -0.12 -0.30
0.03 -0.06 -0.28
-0.04 -0.09 -0.39
-0.14 -0.05 -0.08
-0.12 -0.07 -0.56
-0.01 -0.10 -0.26
-0.20 -0.12 -0.03
0.00 -0.05 -0.11
0.21 -0.01 -0.24
-0.00 0.01 -0.19
-0.04 -0.06 -0.27
0.15 -0.04 -0.17
-0.04 -0.06 -0.58
-0.24 -0.06 -0.22
-0.07 -0.15 -0.60
-0.01 -0.25 -0.64
-0.11 -0.07 -0.09
-0.04 -0.14 -0.46
0.10 0.01 -0.17
0.01 0.04 -0.04
-0.07 -0.04 -0.35
-0.00 -0.07 -0.29
0.01 -0.03 -0.26
0.02 -0.08 -0.31
-0.02 -0.05 -0.21
0.02 0.00 -0.10
0.04 -0.06 -0.41
0.04 -0.11 -0.41
0.05 -0.13 -0.41
0.07 -0.08 -0.31
0.03 -0.04 -0.22
0.01 0.00 -0.12
-0.07 -0.19 -0.19
-0.02 -0.17 -0.55
0.05 0.09 -0.18
0.04 -0.08 -0.30
-0.08 -0.11 -0.74
-0.01 0.02 -0.19
-0.02 -0.02 -0.17
0.15 -0.05 -0.27
-0.05 -0.03 -0.22
-0.03 -0.05 -0.51
0.13 0.02 -0.48
-0.01 -0.08 -0.47
0.14 -0.04 -0.17
0.04 -0.13 -0.67
0.04 0.04 -0.31
0.14 -0.03 -0.31
-0.03 -0.04 -0.26
0.04 -0.10 -0.41
0.02 -0.01 -0.36
-0.04 -0.05 -0.23
-0.03 -0.30 -0.73
0.03 -0.07 -0.51
-0.00 -0.09 -0.51
-0.03 -0.06 -0.39
0.03 -0.10 -0.49
0.05 0.05 -0.15
0.02 -0.13 -0.44
0.02 -0.02 -0.57
-0.02 -0.10 -0.44
-0.05 -0.09 -0.25
0.03 -0.05 -0.29
0.00 -0.12 -0.41
-0.00 0.16 -0.36
-0.05 -0.12 -0.45
-0.05 -0.14 -0.35
-0.01 -0.01 -0.21
0.07 0.01 -0.31
-0.04 -0.13 -0.38
-0.02 0.02 -0.08
0.01 -0.01 -0.07
-0.02 -0.13 -0.67
0.02 -0.03 -0.18
0.01 -0.06 -0.36
-0.06 -0.05 -0.05
0.02 -0.09 -0.41
-0.03 -0.07 -0.32
0.05 -0.13 -0.47
0.06 -0.06 -0.25
-0.01 -0.09 -0.40
-0.00 -0.06 -0.17
0.01 -0.06 -0.11
0.01 0.02 -0.02
0.02 -0.01 -0.15
-0.03 -0.15 -0.44
-0.01 -0.05 -0.17
-0.06 -0.08 -0.21
0.04 -0.25 -0.27
-0.14 0.00 -0.12
0.11 -0.05 -0.29
-0.03 -0.07 -0.23
0.13 0.06 -0.01
0.04 -0.16 -0.04
0.03 0.25 -0.45
-0.05 -0.10 -0.76
0.05 -0.02 -0.35
-0.01 0.09 -0.01
0.15 0.01 -0.15
0.00 0.05 -0.05
-0.00 -0.13 -0.31
0.01 -0.01 -0.24
0.01 -0.03 -0.21
-0.04 -0.13 -0.64
0.03 0.06 -0.00
-0.04 -0.04 -0.07
0.01 -0.12 -0.48
0.01 0.02 -0.17
-0.04 -0.14 -0.24
0.03 0.01 -0.19
0.10 -0.03 -0.29
-0.03 -0.00 -0.59
0.00 0.02 -0.19
-0.10 -0.07 -0.36
0.09 0.06 0.05
0.01 0.11 -0.20
-0.03 -0.07 -0.28
0.07 0.02 -0.08
0.10 0.00 -0.10
0.01 -0.11 -0.19
0.03 0.02 -0.23
-0.09 -0.12 -0.52
0.06 -0.06 -0.19
0.17 0.03 -0.32
0.10 -0.04 -0.23
-0.06 -0.13 -0.47
0.12 -0.04 -0.49
0.01 -0.11 -0.25
0.00 -0.26 -0.26
0.01 -0.02 -0.09
0.01 -0.13 -0.44
-0.02 -0.10 -0.45
0.19 -0.04 -0.20
0.01 -0.11 -0.11
0.10 -0.04 -0.19
0.08 -0.03 -0.20
-0.03 -0.14 -0.35
-0.02 -0.13 -0.43
-0.08 -0.19 -0.10
0.01 -0.14 -0.46
0.03 -0.19 -0.37
0.02 -0.11 -0.45
0.07 -0.01 -0.34
0.04 0.02 -0.13
0.01 -0.13 -0.22
-0.02 -0.09 -0.26
-0.00 -0.11 -0.47
0.01 -0.00 -0.29
0.07 -0.10 -0.69
0.05 -0.04 -0.29
0.11 -0.18 -0.32
0.00 0.07 -0.38
-0.22 -0.20 -0.16
0.05 -0.04 -0.28
0.01 -0.04 -0.40
0.07 -0.06 -0.27
0.20 -0.01 -0.10
0.06 -0.02 -0.20
0.15 -0.02 -0.19
0.06 -0.07 -0.28
0.08 0.03 -0.18
0.14 -0.00 -0.16
0.09 0.01 -0.14
-0.06 0.07 0.05
0.01 -0.12 -0.30
0.12 0.01 0.00
-0.08 -0.23 -0.66
0.08 -0.02 0.06
0.03 -0.17 -0.71
-0.14 -0.10 -0.36
0.01 -0.02 -0.21
-0.02 -0.05 -0.40
0.09 -0.10 -0.37
0.05 -0.20 -0.23
-0.00 -0.02 -0.30
0.13 0.06 -0.10
-0.01 -0.07 -0.36
-0.00 -0.03 -0.38
-0.05 -0.21 -0.66
0.02 -0.15 -0.71
0.02 -0.10 -0.34
0.02 -0.18 -0.36
0.08 -0.01 -0.10
-0.09 -0.11 0.10
0.11 0.07 0.01
-0.04 0.03 -0.31
0.25 0.04 -0.33
-0.02 0.02 -0.20
0.17 0.05 -0.17
-0.02 -0.11 -0.18
-0.08 -0.10 -0.07
0.00 0.08 -0.16
0.03 0.05 -0.18
0.03 -0.08 -0.45
-0.04 -0.04 -0.04
0.03 -0.08 -0.27
0.11 -0.08 -0.52
-0.02 -0.10 -0.36
-0.25 -0.03 -0.25
0.01 0.02 -0.28
0.04 0.03 0.07
0.07 -0.04 -0.21
0.02 -0.02 -0.06
0.01 0.03 -0.23
0.05 -0.07 -0.18
0.02 -0.05 -0.31
0.15 -0.02 -0.12
0.15 -0.07 -0.28
0.08 -0.01 -0.56
0.00 -0.14 -0.45
-0.01 0.01 -0.16
0.07 -0.13 -0.74
-0.01 0.03 -0.16
0.02 -0.19 -0.32
0.02 -0.06 -0.39
0.01 -0.04 -0.30
0.04 0.04 -0.44
0.02 -0.14 -0.42
0.05 0.01 -0.03
-0.00 -0.08 -0.15
0.02 -0.18 -0.22
-0.05 -0.09 -0.22
0.04 -0.09 -0.78
0.10 -0.02 -0.19
-0.00 0.00 -0.20
-0.11 -0.04 -0.74
-0.16 -0.06 -0.13
0.02 -0.09 -0.44
-0.00 -0.10 -0.42
0.04 -0.22 -0.68
0.05 0.04 -0.18
0.03 -0.24 -0.28
0.00 -0.17 -0.41
0.11 -0.11 -0.43
0.00 -0.12 -0.40
0.11 -0.00 -0.06
0.00 -0.09 -0.45
-0.00 0.03 -0.09
0.04 -0.05 -0.21
-0.00 0.06 -0.20
-0.02 -0.24 -0.44
0.16 0.01 -0.18
0.11 -0.01 -0.20
0.03 -0.12 -0.77
0.09 0.07 -0.24
0.06 -0.02 -0.05
0.02 -0.16 -0.35
0.01 -0.06 -0.68
-0.01 0.01 -0.06
0.04 -0.16 -0.45
0.13 -0.05 -0.27
0.16 -0.04 -0.22
0.01 -0.17 -0.56
-0.01 -0.03 -0.29
0.00 -0.00 -0.14
0.01 -0.10 -0.19
0.02 -0.05 -0.27
0.00 0.06 -0.03
-0.01 -0.19 -0.59
-0.01 -0.02 -0.31
-0.05 -0.03 -0.17
-0.09 -0.11 -0.09
0.15 -0.03 -0.17
-0.07 -0.10 -0.41
0.01 0.01 -0.15
-0.00 0.03 -0.17
0.04 0.04 -0.07
-0.01 -0.01 -0.20
0.02 -0.03 -0.58
0.02 -0.04 -0.75
-0.07 -0.12 -0.10
0.02 0.07 -0.10
-0.00 -0.04 -0.21
0.00 -0.12 -0.33
-0.15 -0.22 -0.05
-0.22 -0.08 -0.41
0.00 -0.09 -0.39
0.01 -0.16 -0.61
-0.01 0.04 -0.18
-0.01 -0.05 -0.16
0.02 -0.12 -0.28
-0.02 0.02 0.08
0.01 -0.11 -0.25
0.12 -0.02 -0.13
0.03 0.02 -0.18
-0.03 -0.09 -0.40
-0.19 -0.06 -0.01
0.25 0.03 -0.40
-0.08 -0.22 0.02
0.08 -0.03 -0.20
0.03 -0.07 -0.22
0.06 0.01 -0.13
0.08 -0.05 -0.44
-0.02 -0.00 -0.27
0.09 0.05 -0.12
0.10 -0.01 -0.12
-0.06 -0.13 -0.39
0.12 -0.04 -0.21
-0.00 0.01 -0.22
0.00 -0.16 -0.49
0.04 -0.05 -0.22
-0.06 -0.06 -0.58
0.11 -0.08 -0.29
-0.05 -0.17 0.07
0.08 -0.09 -0.53
0.15 -0.02 0.08
-0.01 -0.06 -0.33
0.08 -0.07 -0.37
0.09 -0.02 -0.28
-0.03 -0.02 -0.05
0.15 -0.03 -0.19
0.00 -0.02 -0.19
-0.09 -0.05 -0.34
0.09 -0.01 -0.18
0.09 -0.18 -0.69
0.00 0.03 -0.20
-0.02 -0.11 -0.42
-0.04 -0.05 -0.61
0.01 -0.05 -0.22
-0.02 -0.11 -0.46
-0.10 -0.13 -0.44
-0.26 -0.10 -0.07
0.05 -0.19 -0.68
-0.01 -0.04 -0.72
-0.06 -0.30 -0.66
0.07 -0.19 -0.71
0.01 -0.04 -0.22
0.01 -0.02 -0.22
-0.01 -0.17 -0.45
0.19 -0.06 -0.20
-0.00 -0.01 -0.04
0.02 -0.02 -0.11
-0.03 -0.04 -0.22
0.08 0.04 0.06
-0.25 -0.08 -0.10
0.12 -0.04 -0.27
0.03 -0.05 -0.37
-0.08 -0.15 -0.45
-0.00 -0.03 -0.30
0.09 -0.03 -0.10
0.05 0.00 -0.07
-0.03 -0.14 -0.42
0.02 -0.06 -0.12
-0.01 -0.00 -0.26
0.03 -0.04 -0.69
0.00 -0.03 -0.23
-0.03 0.05 -0.12
0.05 -0.13 -0.50
0.14 -0.01 -0.20
0.16 -0.01 -0.38
-0.05 -0.15 -0.77
-0.12 -0.16 -0.12
0.01 -0.20 -0.42
0.01 -0.14 -0.71
-0.02 -0.01 -0.03
0.13 -0.01 -0.14
0.07 -0.09 -0.33
0.06 -0.07 -0.26
0.18 -0.09 -0.24
-0.02 -0.03 -0.46
-0.00 -0.09 -0.21
-0.01 -0.08 -0.19
-0.10 -0.24 -0.24
-0.11 -0.09 -0.32
0.10 0.01 -0.23
-0.07 -0.15 -0.48
-0.08 -0.01 -0.61
-0.01 -0.04 -0.47
-0.06 -0.17 -0.41
0.02 0.02 -0.15
0.12 -0.12 -0.49
0.14 0.07 -0.09
0.04 0.03 -0.11
0.02 0.00 -0.06
-0.03 -0.10 -0.68
0.07 -0.03 -0.26
0.01 -0.00 -0.03
0.02 -0.10 -0.45
0.11 -0.01 -0.21
-0.24 -0.18 -0.14
-0.18 -0.11 -0.11
0.10 -0.01 -0.31
0.09 -0.08 -0.31
-0.17 -0.01 -0.00
-0.05 -0.08 -0.34
0.13 0.00 -0.16
0.05 -0.09 -0.49
0.08 -0.10 -0.35
0.11 0.02 -0.21
0.02 0.03 -0.18
-0.03 0.13 -0.31
0.04 0.11 -0.45
-0.01 -0.09 -0.32
0.01 0.01 -0.16
0.05 -0.10 -0.46
0.02 -0.07 -0.35
-0.08 -0.21 -0.25
-0.01 -0.11 -0.25
-0.02 -0.05 -0.23
0.06 0.08 -0.05
-0.02 0.09 -0.34
0.06 -0.07 -0.27
0.03 0.01 -0.28
0.09 -0.10 -0.46
0.05 -0.00 -0.05
0.13 -0.14 -0.20
-0.00 -0.04 -0.22
-0.01 -0.03 -0.38
0.01 -0.04 -0.13
-0.01 0.04 -0.16
0.06 -0.20 -0.37
0.03 -0.02 -0.24
0.12 0.01 -0.21
-0.00 -0.04 -0.21
0.02 0.18 -0.44
-0.02 -0.06 -0.22
0.11 -0.01 -0.53
-0.00 -0.07 -0.24
-0.02 -0.10 -0.43
0.00 -0.03 -0.21
-0.01 -0.02 -0.31
-0.06 -0.05 -0.06
-0.02 -0.05 -0.24
0.01 -0.05 -0.20
-0.01 -0.16 -0.60
0.02 -0.08 -0.40
-0.01 -0.07 -0.24
0.08 0.01 -0.04
-0.00 -0.10 -0.48
0.06 -0.13 -0.24
0.09 -0.00 -0.15
-0.01 -0.04 -0.27
0.09 0.04 0.04
0.01 -0.05 -0.48
0.03 0.05 -0.18
0.02 -0.04 -0.38
0.03 0.01 0.08
-0.01 -0.12 -0.46
0.03 0.04 -0.19
0.15 -0.17 -0.40
-0.01 -0.08 -0.42
0.01 -0.07 -0.27
0.10 -0.03 -0.26
-0.01 0.14 0.06
0.05 -0.06 -0.38
-0.02 -0.02 -0.23
-0.04 -0.07 -0.20
-0.03 -0.07 -0.26
0.09 -0.07 -0.35
-0.04 -0.08 -0.38
0.01 -0.01 -0.04
-0.26 -0.06 -0.35
0.04 -0.13 -0.26
0.07 0.02 -0.45
0.01 -0.00 -0.06
0.00 -0.09 -0.39
-0.06 -0.02 -0.01
-0.00 -0.02 -0.17
0.03 -0.04 -0.23
0.02 -0.05 -0.37
0.03 -0.06 -0.35
0.05 0.01 -0.20
-0.16 -0.01 -0.11
0.02 0.02 -0.19
0.02 -0.21 -0.41
-0.01 -0.08 -0.29
0.04 -0.05 -0.47
0.03 -0.06 -0.33
0.08 -0.06 -0.27
0.02 -0.10 -0.59
0.03 -0.05 -0.25
-0.00 -0.11 -0.31
0.07 -0.01 -0.10
0.01 -0.02 -0.52
0.01 -0.06 -0.64
0.08 0.00 -0.49
-0.01 0.02 -0.25
-0.05 -0.13 -0.43
0.06 0.03 -0.09
-0.02 -0.09 -0.25
0.01 -0.27 -0.68
-0.06 -0.07 -0.41
0.01 -0.02 -0.05
0.07 0.06 -0.18
0.02 -0.00 -0.21
0.06 0.01 -0.10
-0.02 -0.15 -0.26
-0.23 -0.07 -0.06
0.01 -0.05 -0.35
0.12 0.03 -0.25
0.00 -0.04 -0.19
-0.09 -0.13 -0.14
-0.00 -0.05 -0.27
-0.01 -0.09 -0.32
0.12 -0.07 -0.38
-0.00 -0.22 -0.59
-0.07 -0.07 -0.61
-0.02 -0.16 -0.74
0.05 -0.05 -0.44
0.00 -0.06 -0.31
0.02 -0.20 -0.73
0.04 -0.12 -0.42
-0.18 -0.05 -0.27
0.06 -0.04 -0.30
0.03 -0.04 -0.41
0.01 -0.19 -0.70
0.04 -0.05 -0.31
0.01 0.00 -0.16
-0.00 -0.19 -0.62
0.13 -0.05 -0.26
0.02 -0.17 -0.67
0.05 -0.18 -0.58
-0.01 0.12 0.07
-0.01 -0.18 -0.53
0.04 -0.01 -0.10
0.01 -0.20 -0.47
0.14 -0.01 -0.09
0.04 -0.02 -0.22
0.01 -0.09 -0.77
0.04 -0.04 -0.28
0.04 -0.03 -0.21
-0.04 0.11 -0.26
0.01 -0.23 -0.74
0.00 -0.02 -0.18
-0.01 -0.03 -0.09
0.00 -0.10 -0.31
0.03 -0.10 -0.72
0.08 -0.05 -0.30
-0.22 -0.09 -0.39
-0.13 -0.01 0.04
-0.03 -0.07 -0.20
0.07 -0.01 -0.08
0.04 -0.01 -0.41
-0.02 -0.03 -0.36
0.07 0.01 -0.43
0.25 0.03 0.15
-0.06 -0.11 -0.34
0.05 -0.04 -0.18
-0.06 -0.09 -0.63
0.00 -0.12 -0.47
0.04 -0.14 -0.49
-0.03 -0.09 -0.46
0.08 -0.02 -0.12
0.08 0.00 -0.03
0.02 -0.05 -0.38
0.08 -0.02 -0.07
0.23 -0.03 -0.19
0.02 0.08 -0.20
-0.01 -0.14 -0.46
-0.04 -0.09 -0.42
-0.05 -0.14 -0.22
-0.07 -0.13 -0.47
0.09 0.07 -0.23
-0.02 -0.11 -0.37
0.01 -0.28 0.03
0.15 -0.01 -0.20
0.06 -0.07 -0.37
0.12 0.04 -0.15
0.00 0.04 -0.10
0.09 -0.02 -0.19
0.06 0.07 -0.04
0.20 -0.01 -0.20
0.00 -0.15 -0.31
-0.02 -0.10 -0.41
0.10 -0.02 -0.09
0.02 0.16 -0.41
0.10 -0.08 -0.40
0.04 -0.02 -0.22
-0.07 -0.13 -0.47
-0.05 0.03 -0.30
0.00 0.00 -0.30
-0.24 -0.02 -0.33
-0.02 -0.13 -0.38
0.00 -0.05 -0.51
-0.01 -0.13 -0.63
0.11 -0.05 -0.24
0.04 0.03 -0.09
-0.00 0.02 -0.30
0.00 -0.12 -0.37
-0.04 0.20 -0.31
-0.15 -0.01 -0.03
-0.01 -0.10 -0.43
-0.22 -0.10 -0.19
0.13 -0.03 -0.18
0.00 -0.06 -0.28
0.02 0.10 -0.41
0.09 -0.02 -0.32
0.02 -0.03 -0.36
0.01 -0.10 -0.13
-0.02 0.02 -0.28
0.11 -0.04 -0.17
0.05 -0.13 -0.31
-0.04 -0.14 -0.17
0.12 -0.05 -0.24
0.04 -0.20 -0.41
0.12 0.17 -0.44
-0.02 0.02 -0.28
0.03 0.04 -0.11
0.01 -0.06 -0.37
-0.00 -0.07 -0.26
-0.01 0.08 -0.01
0.10 -0.09 -0.29
0.04 -0.05 -0.26
0.00 -0.09 -0.40
0.01 0.02 -0.20
0.01 0.11 -0.17
-0.05 -0.10 -0.38
0.02 -0.02 0.03
0.05 -0.07 -0.52
0.01 -0.03 -0.19
-0.05 -0.09 -0.39
0.09 0.03 -0.12
0.12 -0.21 -0.46
0.11 -0.03 -0.25
0.20 -0.03 -0.21
0.05 -0.00 -0.04
0.03 -0.13 -0.45
0.05 0.05 0.06
0.00 0.06 -0.10
0.14 -0.02 -0.04
-0.04 -0.09 -0.41
0.06 -0.00 -0.06
-0.09 0.24 -0.25
0.14 -0.01 -0.34
0.03 -0.14 -0.22
0.09 -0.03 -0.19
0.10 -0.04 -0.22
0.01 0.02 -0.12
0.06 -0.00 -0.13
0.04 -0.08 -0.46
0.02 -0.17 -0.62
0.17 -0.04 -0.20
0.06 -0.06 -0.23
0.06 -0.04 -0.32
0.10 -0.05 -0.31
0.13 -0.02 -0.05
-0.01 -0.07 -0.10
0.02 -0.02 -0.26
0.04 -0.08 -0.37
-0.08 -0.03 -0.28
0.01 -0.16 -0.46
-0.11 -0.19 -0.44
0.04 -0.01 -0.05
-0.04 -0.14 -0.32
0.01 0.00 -0.29
-0.03 -0.16 -0.33
0.02 0.12 0.03
-0.20 -0.02 -0.10
0.18 0.02 -0.20
-0.01 -0.29 -0.70
0.19 -0.04 -0.21
-0.01 0.04 -0.10
0.28 0.02 -0.39
-0.03 -0.04 -0.33
0.02 0.02 -0.48
0.04 -0.01 -0.21
-0.01 0.05 -0.18
0.04 -0.08 -0.33
0.00 -0.09 -0.36
-0.08 -0.17 -0.73
-0.03 -0.11 -0.45
-0.09 -0.22 -0.29
0.04 -0.04 -0.28
-0.22 -0.17 -0.05
-0.01 -0.01 -0.21
0.13 -0.03 -0.28
0.05 -0.08 -0.46
-0.02 -0.08 -0.21
-0.00 -0.13 -0.32
-0.04 0.20 -0.31
0.00 -0.14 -0.37
-0.11 -0.00 -0.02
-0.02 -0.12 -0.65
0.06 -0.03 -0.20
0.05 -0.06 -0.28
0.02 -0.08 -0.47
-0.00 0.06 -0.16
0.03 -0.00 -0.19
0.02 -0.06 -0.65
0.14 -0.02 -0.24
-0.01 -0.06 -0.23
0.12 -0.05 -0.44
0.00 0.03 -0.17
-0.03 -0.18 -0.52
0.04 -0.13 -0.79
-0.00 -0.13 -0.29
-0.01 -0.10 -0.43
-0.02 -0.12 -0.38
0.02 -0.16 -0.42
-0.03 -0.06 -0.17
0.13 -0.03 -0.17
0.17 -0.04 -0.25
-0.12 -0.15 -0.14
0.01 -0.04 -0.22
-0.14 -0.11 -0.42
0.18 -0.02 -0.20
0.00 -0.10 -0.70
0.08 -0.23 -0.10
-0.19 -0.10 -0.37
0.10 -0.02 -0.30
0.01 0.02 -0.32
-0.06 -0.22 -0.08
0.01 0.02 -0.25
0.02 -0.02 -0.24
0.03 0.01 -0.03
0.03 0.05 -0.44
0.04 -0.04 -0.19
0.03 -0.09 -0.40
0.03 -0.17 -0.10
0.17 -0.04 -0.15
0.02 -0.08 -0.26
-0.00 -0.08 -0.41
0.02 -0.03 -0.21
0.23 -0.05 -0.21
0.23 -0.02 -0.44
-0.08 -0.08 -0.23
0.00 -0.09 -0.41
-0.00 -0.02 -0.24
0.08 -0.06 -0.29
0.05 0.06 0.01
-0.03 -0.08 -0.28
0.08 0.01 -0.26
0.04 -0.08 -0.31
-0.06 -0.21 -0.09
0.01 -0.07 -0.44
0.05 -0.18 -0.18
0.26 -0.03 -0.17
-0.02 -0.02 -0.04
0.07 -0.02 -0.28
0.01 0.04 -0.24
-0.01 -0.05 0.00
0.03 -0.03 -0.42
0.04 -0.07 -0.63
0.10 0.01 -0.22
-0.01 0.05 -0.11
0.18 -0.28 -0.58
0.02 -0.10 -0.36
0.01 -0.09 -0.31
-0.18 -0.02 -0.15
-0.25 -0.10 -0.09
-0.10 -0.18 -0.59
-0.03 -0.10 -0.35
0.06 0.01 -0.09
-0.03 0.08 -0.18
-0.03 -0.13 -0.46
0.03 0.07 -0.19
0.01 0.00 -0.29
-0.05 -0.12 0.09
0.00 -0.06 -0.18
-0.05 -0.15 -0.64
-0.01 0.09 -0.16
-0.00 -0.08 -0.68
0.07 -0.12 -0.44
0.09 0.00 0.05
0.18 0.01 -0.51
-0.02 0.06 -0.22
0.04 0.03 -0.15
0.01 -0.10 -0.46
0.01 -0.01 -0.33
-0.02 -0.07 -0.30
0.13 -0.02 -0.17
0.15 -0.03 -0.20
0.03 -0.16 -0.33
0.00 -0.12 -0.41
-0.02 -0.12 -0.45
0.04 -0.05 -0.29
0.01 -0.06 0.03
-0.01 -0.07 -0.37
0.04 -0.03 -0.26
-0.04 -0.14 -0.48
-0.03 -0.19 -0.15
0.01 -0.05 -0.52
0.00 -0.06 -0.29
-0.20 -0.08 -0.02
-0.01 -0.18 -0.49
-0.05 -0.12 -0.41
-0.02 -0.04 -0.18
-0.00 -0.00 -0.08
-0.00 0.01 -0.32
-0.03 -0.04 -0.27
-0.13 -0.13 -0.44
0.12 -0.03 0.05
-0.02 -0.04 -0.09
0.10 0.07 -0.04
-0.02 -0.04 -0.21
-0.03 -0.18 -0.48
0.03 -0.07 -0.41
0.00 -0.15 -0.47
-0.01 -0.06 -0.10
0.10 0.16 -0.46
-0.01 -0.10 -0.48
-0.04 -0.10 -0.42
-0.17 -0.05 -0.09
-0.02 -0.06 -0.28
-0.07 -0.21 -0.68
0.00 -0.14 -0.45
0.04 0.08 -0.01
0.10 -0.00 -0.25
0.13 -0.02 -0.12
-0.16 -0.13 -0.15
-0.02 -0.04 -0.24
0.07 -0.17 -0.70
-0.19 -0.05 -0.09
0.04 -0.10 -0.45
0.01 0.06 -0.36
0.11 -0.04 -0.31
-0.02 -0.13 -0.47
0.12 -0.04 -0.21
-0.01 -0.10 -0.24
-0.00 0.03 -0.20
0.14 -0.10 -0.46
-0.12 -0.01 -0.26
-0.01 0.04 -0.06
0.01 -0.14 -0.51
0.09 -0.01 -0.32
0.19 -0.05 -0.20
0.07 -0.10 -0.46
-0.08 0.17 -0.17
-0.03 -0.12 -0.37
-0.01 -0.12 -0.46
0.09 0.03 0.06
-0.00 -0.03 -0.12
0.05 0.01 -0.21
-0.01 -0.11 -0.44
-0.01 -0.10 -0.26
0.06 -0.15 -0.76
0.12 -0.06 -0.28
0.12 -0.02 -0.07
0.05 -0.23 -0.12
-0.03 -0.10 -0.45
0.09 -0.04 -0.39
-0.01 -0.11 -0.46
-0.07 -0.22 -0.50
0.14 -0.03 -0.20
0.08 -0.05 -0.29
0.03 -0.11 -0.44
-0.00 -0.01 -0.04
0.05 -0.11 -0.26
-0.06 -0.13 0.15
-0.15 -0.17 -0.12
0.27 -0.03 -0.16
0.11 -0.06 -0.27
0.03 -0.06 -0.48
-0.02 0.15 -0.22
-0.20 -0.20 -0.13
-0.00 -0.01 -0.06
0.15 -0.04 -0.21
0.01 -0.11 -0.37
0.00 -0.08 -0.52
0.00 -0.07 -0.42
-0.05 -0.12 -0.47
0.01 0.00 -0.21
0.01 0.05 -0.12
0.01 -0.13 -0.32
-0.11 -0.25 -0.19
0.06 -0.12 -0.45
0.03 0.01 -0.08
0.11 -0.07 -0.26
-0.01 0.12 -0.25
0.02 -0.08 -0.34
0.01 -0.04 -0.27
0.15 0.01 -0.19
-0.01 -0.14 -0.46
-0.02 -0.07 -0.38
-0.01 -0.04 -0.08
0.05 -0.01 -0.14
-0.04 -0.07 -0.33
0.02 0.02 -0.21
-0.08 -0.19 -0.61
-0.09 -0.20 -0.05
-0.05 -0.05 -0.06
-0.03 -0.29 -0.71
0.04 0.06 -0.11
0.04 0.03 0.08
-0.09 -0.13 -0.20
0.06 -0.00 -0.26
0.05 0.02 -0.07
0.02 -0.05 0.05
-0.06 -0.12 -0.51
0.09 0.00 -0.36
0.05 -0.02 -0.22
-0.02 -0.00 -0.18
0.00 0.01 -0.18
-0.02 -0.12 0.07
0.13 -0.04 -0.17
-0.00 0.01 -0.09
-0.00 -0.02 -0.21
0.04 -0.01 -0.02
-0.01 -0.04 -0.09
0.08 -0.01 -0.12
0.01 -0.04 -0.24
0.01 -0.08 -0.47
0.05 0.11 -0.17
0.02 -0.16 -0.41
-0.10 -0.13 -0.41
0.01 -0.11 -0.42
0.09 -0.04 -0.25
-0.00 -0.05 -0.28
-0.03 -0.07 -0.22
0.14 -0.08 -0.41
-0.04 -0.13 -0.46
-0.11 -0.11 -0.46
-0.06 -0.20 -0.44
0.07 -0.01 -0.28
0.01 -0.08 -0.29
-0.05 -0.18 0.20
0.13 -0.00 -0.40
-0.01 -0.00 -0.07
0.02 -0.06 -0.27
-0.00 -0.02 -0.30
0.00 -0.08 -0.24
0.16 0.07 0.19
-0.11 -0.10 -0.61
-0.01 0.02 -0.21
-0.01 0.11 -0.22
-0.02 -0.03 -0.63
0.07 -0.09 -0.37
0.12 -0.03 -0.15
0.12 -0.03 -0.27
0.03 0.04 -0.50
0.02 0.02 -0.40
0.07 -0.00 -0.43
0.09 -0.02 -0.16
-0.07 -0.06 -0.55
-0.04 -0.07 -0.62
-0.01 -0.01 -0.36
0.00 0.02 -0.38
0.02 -0.15 -0.46
-0.07 0.05 -0.59
0.09 -0.06 -0.35
0.22 -0.04 -0.23
0.01 0.11 -0.44
0.12 -0.04 -0.18
-0.07 -0.18 -0.27
-0.01 0.04 -0.19
-0.22 -0.16 -0.12
-0.00 -0.04 -0.64
0.01 -0.00 -0.22
-0.03 0.00 -0.32
0.00 -0.02 -0.15
-0.00 -0.15 -0.43
-0.03 -0.06 -0.39
-0.00 -0.02 -0.06
-0.05 -0.15 -0.49
0.04 -0.22 -0.75
0.09 -0.02 -0.28
-0.01 -0.05 -0.30
-0.00 -0.03 -0.10
0.14 0.02 0.01
0.12 -0.08 -0.35
-0.05 -0.10 -0.37
0.14 -0.02 -0.21
0.03 -0.04 0.04
-0.00 -0.01 -0.07
0.19 -0.04 -0.14
0.02 -0.21 -0.18
0.02 -0.21 -0.55
-0.02 -0.05 -0.26
-0.00 0.03 -0.03
0.12 -0.05 -0.19
0.02 -0.08 -0.32
0.02 -0.11 -0.67
-0.00 -0.01 -0.33
-0.03 -0.16 -0.44
0.22 -0.04 -0.12
0.13 0.03 -0.22
0.02 -0.20 -0.49
0.08 -0.24 -0.19
0.01 -0.12 -0.46
-0.12 0.00 0.00
-0.02 -0.15 -0.42
-0.02 -0.07 -0.18
0.11 -0.04 -0.50
-0.00 0.10 -0.16
-0.02 -0.09 -0.07
0.13 0.01 -0.48
0.03 -0.04 -0.26
0.03 -0.03 -0.17
0.00 0.00 -0.27
0.04 -0.04 -0.27
0.04 -0.09 -0.48
0.05 -0.05 -0.32
-0.02 -0.02 -0.07
0.06 -0.06 -0.19
0.01 -0.14 -0.34
0.10 -0.04 -0.17
-0.01 -0.10 -0.40
0.07 -0.07 -0.37
-0.02 0.06 -0.24
0.02 -0.10 -0.46
-0.09 -0.02 -0.59
-0.00 0.00 -0.15
-0.02 -0.02 -0.14
0.08 0.07 0.05
0.02 -0.15 -0.39
-0.10 -0.23 -0.13
0.01 -0.12 -0.41
-0.06 0.17 -0.26
-0.20 -0.12 -0.27
0.07 -0.13 -0.27
-0.01 -0.02 -0.62
0.08 0.10 -0.08
-0.04 -0.09 -0.34
-0.08 0.11 0.03
0.08 0.00 -0.16
-0.02 -0.13 -0.43
-0.01 0.09 -0.13
0.01 -0.11 -0.40
0.01 -0.03 -0.20
0.02 -0.00 -0.09
0.04 -0.15 -0.41
-0.03 -0.18 -0.37
0.13 -0.06 -0.28
0.03 -0.10 -0.38
-0.01 -0.09 -0.27
0.00 -0.05 -0.24
0.03 -0.05 -0.32
0.06 -0.02 -0.12
0.03 -0.06 -0.55
0.13 -0.04 -0.21
0.02 -0.02 -0.47
0.13 -0.02 -0.12
0.12 -0.01 -0.29
0.01 -0.05 -0.35
0.00 -0.06 -0.17
-0.03 -0.12 -0.36
0.03 -0.16 -0.43
0.13 -0.01 -0.36
0.07 -0.14 -0.36
0.12 0.01 -0.37
-0.00 -0.10 -0.47
-0.03 -0.09 -0.34
0.06 -0.10 -0.51
-0.08 -0.03 -0.73
-0.04 -0.05 -0.29
0.04 -0.02 -0.22
0.02 -0.01 -0.21
0.03 -0.05 -0.30
-0.25 -0.13 -0.20
-0.18 -0.11 -0.43
0.07 -0.19 -0.76
0.03 -0.06 -0.25
-0.03 -0.20 -0.65
-0.06 -0.20 -0.62
-0.10 -0.01 0.03
0.05 -0.07 -0.42
0.03 -0.07 -0.69
0.12 -0.06 -0.29
0.07 -0.05 -0.26
-0.01 0.13 -0.22
0.01 -0.14 -0.28
0.04 -0.15 -0.71
0.06 -0.01 -0.06
0.02 -0.12 -0.47
0.03 -0.12 -0.26
0.05 -0.19 -0.74
0.12 -0.10 -0.46
0.14 -0.05 -0.33
0.08 0.08 -0.24
-0.06 -0.07 -0.25
-0.16 -0.02 -0.06
0.13 0.02 -0.46
-0.10 -0.12 -0.43
0.02 -0.08 -0.35
0.06 -0.04 -0.31
0.01 -0.02 -0.15
0.16 0.01 -0.23
-0.01 -0.08 -0.28
0.13 -0.19 -0.47
0.09 0.03 -0.16
0.06 -0.13 -0.24
-0.00 -0.15 -0.32
-0.02 -0.05 -0.22
-0.05 -0.09 -0.39
-0.01 -0.06 -0.39
0.04 -0.02 -0.10
0.21 -0.04 -0.11
0.08 -0.02 -0.22
0.15 -0.03 -0.13
-0.04 -0.06 -0.30
-0.01 -0.09 -0.29
-0.05 -0.04 -0.22
0.03 -0.01 -0.08
0.01 0.13 -0.18
0.02 0.08 -0.22
-0.12 -0.23 -0.14
0.05 -0.20 -0.26
0.13 -0.07 -0.29
-0.23 -0.05 -0.01
-0.28 -0.15 -0.09
-0.03 -0.05 -0.17
-0.02 -0.11 -0.39
-0.00 0.02 -0.35
0.15 -0.05 -0.28
0.02 -0.03 0.06
-0.00 -0.01 -0.07
-0.02 0.08 -0.24
-0.01 -0.02 -0.64
-0.02 -0.12 -0.68
0.01 0.03 -0.12
-0.02 -0.16 -0.38
0.02 0.05 -0.10
0.07 -0.02 -0.19
-0.10 -0.11 -0.27
-0.00 -0.07 -0.24
-0.03 0.04 -0.18
-0.06 -0.10 -0.77
-0.08 -0.04 -0.19
-0.00 -0.00 -0.10
0.13 -0.12 -0.38
-0.06 -0.17 -0.36
0.01 0.01 -0.20
-0.01 -0.16 -0.50
0.05 -0.04 -0.20
0.08 -0.00 -0.03
0.13 -0.14 -0.50
0.06 -0.21 -0.13
0.03 -0.01 -0.29
0.03 -0.16 -0.52
0.02 -0.10 -0.40
0.03 -0.06 -0.61
0.16 -0.03 -0.19
-0.07 -0.11 -0.30
-0.01 -0.08 -0.36
0.16 -0.02 -0.11
-0.12 -0.26 -0.14
0.06 -0.00 -0.05
-0.02 -0.13 -0.47
0.25 -0.04 -0.23
0.21 -0.06 -0.23
-0.02 0.05 0.03
0.02 -0.10 -0.21
0.07 -0.05 -0.48
0.03 -0.11 -0.46
-0.02 -0.09 -0.24
-0.01 -0.16 -0.46
-0.00 -0.02 -0.24
0.04 -0.05 -0.27
0.10 -0.01 -0.48
-0.01 -0.02 -0.08
-0.01 0.06 -0.22
-0.07 -0.04 -0.46
0.02 0.03 -0.06
0.02 -0.05 -0.27
0.11 0.00 -0.16
-0.02 -0.16 -0.42
0.06 -0.17 -0.54
0.01 -0.12 -0.71
-0.09 -0.02 -0.17
-0.01 0.01 -0.16
-0.00 -0.06 -0.66
-0.02 -0.15 -0.20
0.02 0.01 -0.21
-0.06 -0.12 -0.46
0.06 0.08 -0.05
0.04 -0.09 -0.28
-0.02 -0.12 -0.43
0.04 0.12 -0.06
0.02 -0.10 -0.02
-0.01 -0.08 -0.29
-0.03 -0.06 -0.30
-0.00 -0.04 -0.11
0.05 -0.06 -0.27
-0.03 -0.07 -0.65
0.11 -0.02 -0.48
0.01 -0.09 -0.24
0.06 0.01 -0.05
0.00 -0.10 -0.53
-0.03 -0.09 -0.58
0.09 -0.06 -0.28
-0.01 -0.03 -0.24
0.03 -0.23 -0.13
-0.01 -0.12 -0.37
0.00 -0.06 -0.40
0.07 -0.04 -0.43
0.00 0.02 -0.33
0.10 -0.05 -0.24
-0.02 -0.04 -0.05
0.01 -0.05 -0.22
0.01 0.06 -0.09
-0.11 -0.07 0.05
0.03 -0.02 -0.19
0.10 -0.15 -0.43
-0.02 0.06 0.04
0.14 0.06 -0.37
0.01 -0.16 -0.43
0.00 -0.15 -0.44
0.01 -0.07 -0.26
0.02 -0.11 -0.51
-0.11 -0.12 -0.12
-0.02 -0.01 -0.05
0.01 -0.06 -0.34
0.04 -0.05 -0.27
0.15 0.08 -0.37
0.02 0.10 -0.14
-0.18 -0.20 -0.12
0.03 -0.03 -0.21
0.15 0.05 -0.10
0.04 -0.00 -0.61
0.01 -0.05 -0.25
-0.01 -0.17 -0.49
-0.08 -0.15 -0.58
-0.12 -0.08 -0.23
0.03 -0.02 -0.21
0.06 -0.21 -0.68
-0.16 -0.07 -0.05
-0.01 -0.03 -0.27
0.06 -0.05 -0.23
0.01 -0.08 -0.24
0.04 -0.11 -0.41
-0.03 0.07 -0.26
0.02 0.03 -0.07
0.01 -0.14 -0.73
0.05 -0.01 -0.16
0.03 -0.06 -0.54
-0.01 -0.02 -0.11
0.01 0.01 -0.40
0.07 0.12 -0.40
-0.01 -0.10 -0.42
0.10 -0.04 -0.30
0.03 -0.02 -0.27
0.09 -0.08 -0.50
0.10 -0.02 -0.25
-0.02 -0.02 -0.53
0.03 -0.09 -0.70
0.01 0.08 -0.01
-0.01 -0.05 -0.30
0.06 -0.18 -0.22
0.03 -0.21 -0.19
0.08 -0.05 -0.27
-0.10 -0.00 -0.67
-0.01 0.03 -0.16
-0.06 -0.16 -0.49
-0.03 -0.03 -0.04
-0.04 -0.10 -0.41
0.00 -0.13 -0.36
0.05 0.15 -0.39
-0.14 -0.03 0.04
0.13 -0.06 -0.29
0.03 -0.04 -0.25
0.03 0.02 -0.16
0.04 -0.12 -0.36
-0.02 -0.11 -0.42
0.03 -0.07 -0.33
0.05 0.03 -0.71
0.16 -0.04 -0.24
-0.01 0.02 -0.11
-0.02 0.03 -0.63
0.17 -0.02 -0.22
-0.08 -0.25 -0.71
0.01 -0.01 -0.36
-0.08 -0.03 -0.15
0.12 0.06 -0.38
0.10 -0.14 -0.37
0.04 0.01 -0.22
-0.01 -0.02 -0.23
0.01 -0.10 -0.16
0.08 0.03 -0.23
-0.01 -0.24 -0.71
0.01 0.02 -0.19
0.01 -0.07 -0.35
0.01 -0.24 -0.47
0.11 -0.10 -0.31
0.09 -0.01 -0.11
0.06 -0.03 -0.16
-0.01 -0.13 0.04
0.00 -0.06 -0.29
-0.01 0.02 -0.23
0.05 -0.04 -0.18
0.10 -0.05 -0.32
-0.03 -0.20 -0.46
-0.01 0.07 -0.29
-0.01 -0.08 -0.25
-0.03 -0.08 -0.41
0.01 0.00 -0.16
-0.14 -0.18 0.03
0.08 -0.08 -0.53
0.06 -0.04 -0.18
0.04 -0.19 -0.39
0.00 -0.09 -0.48
-0.01 0.05 -0.19
0.05 0.02 -0.07
-0.02 -0.21 -0.62
0.09 -0.04 -0.27
-0.01 -0.08 -0.49
0.07 -0.05 -0.32
0.00 -0.07 -0.27
0.00 -0.05 -0.12
0.01 0.04 -0.17
0.06 -0.10 -0.75
0.14 -0.01 -0.12
0.01 -0.11 -0.47
0.02 -0.05 -0.35
0.23 -0.01 -0.17
0.01 0.02 -0.16
-0.00 -0.09 -0.48
-0.06 -0.06 -0.34
0.01 -0.10 -0.12
0.12 -0.09 -0.29
0.03 -0.13 -0.27
0.16 -0.04 -0.16
0.03 -0.02 -0.25
0.01 -0.05 -0.14
0.02 -0.04 -0.22
0.01 -0.07 -0.31
0.04 -0.07 -0.35
0.03 -0.01 -0.22
0.01 -0.03 -0.12
0.01 -0.08 -0.22
0.04 -0.01 -0.26
-0.01 -0.21 -0.41
0.09 0.04 -0.26
-0.13 -0.15 -0.37
0.02 0.01 -0.20
0.14 -0.01 -0.19
-0.01 -0.09 -0.41
0.06 -0.11 -0.44
0.01 -0.05 -0.37
0.10 -0.04 -0.22
-0.00 0.00 -0.08
0.04 -0.05 -0.31
-0.04 -0.13 -0.45
0.25 -0.05 -0.19
0.00 -0.11 -0.31
0.06 -0.04 0.06
-0.01 -0.05 -0.26
-0.05 -0.11 -0.50
0.01 -0.05 -0.18
0.02 -0.05 -0.18
0.04 0.08 -0.22
-0.03 -0.14 -0.45
-0.24 -0.06 -0.08
0.11 -0.02 -0.11
0.01 0.05 -0.06
-0.17 -0.02 -0.04
0.10 -0.04 -0.20
0.00 -0.07 -0.14
0.05 -0.09 -0.73
0.01 -0.01 -0.29
-0.09 -0.07 0.10
0.00 -0.00 -0.16
0.24 -0.02 -0.16
-0.04 -0.07 -0.34
0.09 0.02 -0.14
0.01 -0.17 0.05
0.04 -0.12 -0.53
0.01 -0.03 -0.34
0.01 -0.02 -0.26
-0.03 -0.04 -0.20
0.01 -0.20 -0.67
0.00 0.01 -0.08
0.02 -0.10 -0.21
-0.01 0.02 -0.15
-0.02 -0.06 -0.19
0.18 -0.04 -0.20
0.16 -0.03 -0.18
-0.01 -0.01 -0.23
0.09 0.04 -0.21
0.07 -0.00 -0.04
-0.01 -0.03 -0.12
0.08 -0.02 -0.16
0.04 -0.18 -0.67
0.17 -0.11 -0.60
0.05 -0.20 -0.24
0.05 0.02 -0.18
-0.03 -0.11 -0.51
0.04 -0.11 -0.53
0.00 -0.06 -0.67
-0.01 -0.14 -0.50
0.04 -0.07 -0.32
0.03 -0.01 -0.06
0.08 -0.02 -0.14
-0.06 0.02 0.03
0.01 -0.03 0.06
0.11 0.02 -0.10
0.04 -0.05 -0.33
-0.01 -0.09 -0.39
0.06 -0.03 -0.16
0.09 -0.08 -0.30
0.02 -0.04 -0.24
0.04 0.11 -0.05
0.01 -0.08 -0.36
0.05 -0.06 -0.30
0.06 -0.24 -0.69
0.01 0.00 -0.28
0.05 -0.01 -0.10
0.16 -0.06 -0.24
0.15 -0.05 -0.27
0.02 -0.01 -0.09
-0.10 -0.10 -0.42
0.15 0.03 -0.17
-0.03 -0.07 -0.43
0.00 -0.06 -0.54
0.01 -0.16 -0.04
0.02 0.00 -0.21
-0.01 -0.06 -0.40
0.04 -0.05 -0.27
-0.03 -0.18 -0.50
-0.18 -0.09 -0.02
-0.01 0.02 -0.19
0.02 -0.06 -0.29
0.05 0.02 -0.05
0.02 -0.14 -0.53
-0.16 -0.16 -0.54
-0.02 0.12 -0.13
0.06 0.03 -0.26
0.04 0.01 -0.15
0.00 -0.20 -0.23
0.01 0.04 -0.35
0.01 -0.09 -0.38
0.01 0.08 -0.42
0.03 -0.20 -0.44
0.13 -0.04 -0.20
0.06 -0.02 -0.49
0.05 -0.14 -0.41
-0.04 -0.18 -0.48
0.03 -0.06 -0.26
-0.01 -0.03 -0.26
0.07 0.05 0.04
0.06 -0.13 -0.01
-0.01 -0.05 -0.27
0.01 0.07 -0.01
0.02 -0.17 -0.66
0.04 -0.07 -0.28
-0.07 -0.12 -0.41
0.04 -0.06 -0.21
0.06 0.15 0.01
0.00 -0.05 -0.32
-0.02 0.00 -0.30
0.01 -0.15 -0.24
0.01 -0.04 -0.29
0.05 -0.05 -0.27
0.01 -0.13 -0.33
0.04 -0.16 -0.70
0.02 -0.02 -0.19
0.15 -0.08 -0.50
0.07 -0.03 -0.27
0.02 -0.02 -0.31
-0.01 -0.05 -0.58
-0.03 0.02 0.04
0.06 0.09 0.12
-0.01 -0.06 -0.33
0.08 0.02 -0.03
-0.02 0.11 -0.25
0.13 -0.10 -0.49
-0.02 0.12 -0.37
0.17 -0.01 -0.21
-0.02 -0.09 -0.25
0.01 -0.06 -0.09
0.11 -0.06 -0.19
-0.01 -0.08 -0.24
-0.04 -0.12 -0.45
0.04 -0.21 -0.44
0.13 -0.04 -0.22
-0.00 0.03 -0.26
0.09 -0.01 -0.31
0.01 -0.06 -0.38
0.00 -0.14 -0.47
0.05 -0.12 -0.25
-0.10 -0.08 -0.11
-0.04 -0.07 -0.07
0.15 -0.08 -0.38
-0.05 -0.15 -0.58
0.04 -0.13 -0.46
0.04 -0.08 -0.43
0.02 -0.08 -0.11
0.00 -0.03 -0.13
-0.07 -0.19 -0.45
0.01 -0.23 -0.24
0.22 -0.04 -0.12
-0.15 -0.20 -0.05
0.01 -0.04 -0.13
-0.02 0.06 -0.17
0.05 -0.17 -0.24
0.03 0.06 -0.19
0.02 -0.14 -0.48
0.02 -0.08 -0.72
0.10 -0.03 -0.14
-0.01 -0.05 -0.38
-0.06 0.06 0.04
0.00 -0.16 -0.41
-0.04 -0.03 -0.26
0.02 0.01 -0.18
0.09 -0.21 -0.66
0.00 0.02 -0.39
-0.01 -0.13 -0.36
0.05 -0.01 -0.09
-0.01 0.03 -0.08
0.09 -0.05 -0.24
0.29 -0.03 -0.16
-0.01 -0.06 -0.16
0.01 0.04 -0.20
0.11 0.07 -0.22
-0.02 -0.09 -0.20
-0.12 -0.16 -0.46
0.03 -0.10 -0.35
0.01 -0.06 -0.30
0.17 0.09 -0.07
0.12 -0.11 -0.26
-0.01 0.01 -0.20
0.13 -0.03 -0.22
-0.18 -0.17 -0.08
-0.02 -0.08 -0.49
0.08 -0.06 -0.22
0.00 -0.05 -0.21
-0.00 -0.01 -0.14
0.03 0.02 -0.06
0.10 -0.02 -0.12
0.00 0.07 -0.19
0.02 0.04 -0.18
0.08 0.08 0.02
0.01 -0.04 -0.28
0.09 -0.22 -0.72
0.07 -0.02 -0.03
0.00 0.02 -0.20
0.02 -0.03 -0.30
-0.20 -0.08 -0.05
-0.02 -0.12 -0.30
-0.08 -0.11 -0.32
0.02 -0.11 -0.38
-0.21 -0.07 -0.05
0.00 -0.10 -0.41
0.01 -0.01 -0.21
0.06 -0.08 -0.28
0.11 -0.12 -0.25
0.08 -0.08 -0.21
0.01 -0.07 -0.36
-0.05 -0.13 -0.44
-0.24 -0.12 -0.10
-0.11 -0.08 -0.41
-0.28 -0.06 -0.41
-0.00 -0.25 -0.70
0.10 -0.06 -0.32
0.01 0.10 -0.18
-0.00 0.14 -0.19
0.07 0.05 -0.17
0.01 -0.01 -0.43
-0.02 -0.03 -0.13
0.12 -0.04 -0.16
-0.09 -0.02 -0.65
0.08 -0.02 -0.17
0.00 -0.13 -0.45
-0.05 -0.17 -0.48
0.04 0.02 -0.54
0.10 -0.03 -0.18
0.02 -0.00 -0.17
-0.04 -0.16 -0.41
-0.04 -0.16 -0.35
-0.01 -0.10 -0.18
-0.00 -0.11 0.03
0.02 -0.13 -0.37
0.05 0.03 -0.07
0.05 -0.04 -0.21
-0.01 -0.09 -0.21
0.06 -0.06 -0.42
0.05 -0.23 -0.03
0.13 -0.01 -0.12
0.07 -0.02 -0.36
0.02 -0.26 -0.54
0.03 -0.23 -0.28
-0.07 -0.13 -0.43
-0.02 -0.03 -0.02
0.14 -0.02 -0.11
-0.03 -0.07 -0.37
0.00 -0.10 -0.38
-0.01 -0.03 -0.09
-0.05 -0.13 -0.17
0.13 -0.05 -0.23
-0.02 -0.18 -0.19
-0.15 -0.21 -0.16
-0.00 -0.02 -0.32
0.01 -0.06 -0.62
0.04 -0.05 -0.25
0.01 -0.15 -0.43
0.04 -0.01 -0.15
-0.02 -0.11 -0.49
-0.02 0.05 -0.20
-0.01 0.08 -0.19
0.11 -0.04 -0.20
-0.25 -0.01 -0.15
-0.04 0.01 0.02
-0.10 -0.14 -0.61
