92 0 256
336 243 241
102 319 43
215 115 133
103 99 207
27 290 356
13 261 151
185 231 121
11 65 233
188 256 152
48 46 15
42 40 140
115 105 216
245 251 190
51 165 33
271 79 286
315 56 242
33 314 35
299 312 79
196 211 8
344 155 248
304 338 339
36 4 4
159 301 61
70 341 175
20 305 120
172 57 357
319 15 133
202 28 190
91 354 112
44 346 125
227 119 130
107 120 321
201 70 68
181 120 345
181 360 294
33 305 211
72 355 281
21 111 71
269 97 318
51 332 80
134 205 248
99 255 277
87 303 108
86 357 26
78 248 251
344 240 217
337 157 161
22 154 130
230 329 349
179 54 19
108 229 162
184 37 77
342 225 126
213 238 212
234 239 23
115 52 58
273 253 163
292 22 337
227 182 35
237 239 200
157 17 28
321 74 194
13 177 119
59 228 15
202 123 163
107 278 342
310 87 66
23 74 190
8 244 31
33 81 302
12 1 337
124 3 223
39 356 44
268 225 323
163 232 327
353 91 85
151 55 309
8 231 358
102 359 23
125 298 358
90 5 113
128 216 125
1 215 71
345 206 74
136 63 26
78 280 320
267 38 149
28 347 195
197 51 30
339 198 112
125 89 228
237 8 1
268 78 352
13 260 300
161 275 93
153 184 311
118 180 256
170 277 346
353 75 65
356 296 59
114 53 202
45 180 84
36 349 316
98 208 252
295 338 326
227 222 207
11 279 92
277 281 51
78 89 54
357 189 37
67 9 23
191 129 341
101 245 215
301 300 297
195 351 103
174 4 151
59 184 244
38 3 220
331 94 85
217 168 119
262 228 190
228 277 163
253 148 303
268 159 169
26 241 129
64 45 140
90 164 174
202 38 129
352 174 278
271 310 30
89 288 201
211 66 273
337 327 168
304 86 190
352 149 259
231 134 0
126 16 75
184 272 299
299 121 10
34 273 342
77 305 44
121 3 64
174 313 347
8 251 74
98 350 77
261 292 76
41 348 314
39 214 34
98 264 345
92 328 229
166 320 156
141 65 164
205 286 350
53 59 168
175 297 207
265 233 217
345 141 301
248 331 112
90 135 73
33 60 220
228 195 250
79 31 235
36 59 207
252 340 296
111 299 171
49 332 314
45 211 327
282 226 328
140 78 188
251 241 27
286 78 317
255 28 2
119 160 345
161 88 103
338 311 27
171 165 122
162 293 149
229 106 334
112 331 329
139 155 199
77 120 298
258 37 280
79 71 305
161 318 76
42 84 116
113 236 181
216 265 331
26 255 122
297 149 337
103 287 335
135 86 71
128 13 354
244 10 207
70 299 96
48 288 105
356 155 264
38 343 81
20 54 205
201 203 292
295 330 3
62 330 322
274 257 224
326 169 315
130 205 335
212 171 82
273 123 130
335 325 256
171 35 224
279 258 345
169 88 40
332 276 142
181 100 73
339 356 138
67 319 120
257 156 343
149 152 241
222 310 174
133 154 196
298 137 280
19 51 13
28 21 351
146 340 96
159 140 67
291 180 133
237 148 18
300 272 303
271 340 10
345 119 284
272 130 237
190 347 295
273 178 103
234 344 76
133 139 93
306 138 163
23 143 226
65 330 345
193 44 183
311 328 271
186 53 266
137 36 137
37 26 83
355 242 209
147 41 307
175 320 70
54 241 300
194 22 348
302 230 85
218 133 223
103 59 66
345 210 86
222 236 155
194 73 183
190 262 166
63 147 357
243 209 297
146 360 116
225 16 151
93 154 126
83 288 307
108 67 227
39 64 77
161 58 142
115 78 140
93 301 103
184 1 226
52 68 247
122 284 341
258 46 126
179 322 121
104 359 301
45 154 1
191 175 53
163 359 57
271 338 50
96 111 70
133 75 54
150 267 144
142 252 129
182 355 171
347 133 253
68 9 189
285 149 178
96 239 353
256 318 57
92 333 123
243 154 122
345 359 19
338 228 216
301 342 186
142 233 105
189 221 71
326 226 131
315 48 344
94 81 93
314 119 115
250 349 333
69 18 198
86 186 37
239 23 122
56 163 288
224 228 280
297 182 5
185 255 29
83 47 222
212 326 339
171 300 119
102 221 10
264 108 39
201 244 117
227 343 116
234 208 173
172 279 269
214 111 356
141 271 106
86 100 164
346 341 295
174 303 273
10 301 336
127 140 90
277 245 59
80 266 19
136 298 278
345 221 77
166 27 278
171 36 322
218 217 257
270 252 136
88 73 72
52 68 125
346 220 131
195 337 179
154 103 78
142 252 298
20 311 25
328 71 309
232 85 243
225 297 214
310 193 237
108 349 343
141 316 314
136 156 322
57 47 284
330 354 313
15 137 195
283 181 262
263 93 42
76 211 340
123 282 196
43 35 44
300 233 161
44 106 344
31 20 113
333 292 201
325 306 229
334 276 172
175 137 359
81 335 239
348 80 141
253 236 107
16 59 212
294 285 4
12 116 59
149 161 129
42 334 288
95 143 266
120 99 142
76 77 351
53 6 68
342 33 217
283 238 346
273 165 320
330 308 105
27 175 200
27 274 219
52 348 15
20 61 271
329 291 277
202 98 13
194 21 281
277 185 253
108 358 321
191 291 273
350 50 337
39 147 30
278 352 297
130 269 43
102 109 290
236 94 270
258 76 107
195 228 311
32 112 243
268 275 273
171 252 130
340 53 183
259 78 124
157 113 296
92 80 16
43 282 85
324 131 96
234 54 232
137 345 217
22 289 277
138 77 162
341 225 237
300 3 211
7 334 336
75 86 10
27 219 23
184 38 292
88 269 159
144 103 279
15 277 229
276 299 43
127 295 148
328 186 137
279 96 360
103 247 345
292 232 169
233 131 280
54 176 288
332 70 176
94 212 62
309 127 43
221 10 330
56 41 217
328 261 338
317 266 307
246 284 32
234 36 60
300 156 359
134 227 345
191 30 12
185 52 145
304 2 127
347 348 93
92 195 285
169 297 123
359 129 182
5 246 39
170 174 66
119 1 193
289 40 20
283 39 208
97 10 288
146 346 75
211 272 157
158 345 299
118 11 3
167 55 192
345 93 192
121 292 185
74 305 347
113 316 82
216 48 252
303 332 167
218 17 104
96 223 343
296 101 79
191 31 135
267 267 188
350 277 112
203 187 211
214 348 53
160 336 125
321 37 107
274 265 217
196 90 46
168 200 219
36 47 119
119 344 310
47 277 147
50 353 190
255 2 206
10 324 151
74 22 40
2 111 26
0 12 157
313 161 123
87 194 327
145 165 72
58 245 93
29 28 303
299 35 336
348 322 62
215 341 166
217 217 322
1 55 163
101 262 208
203 331 85
68 43 224
233 127 124
338 206 297
284 197 6
44 330 293
265 219 333
198 250 307
33 353 269
305 308 10
260 133 13
215 170 102
187 267 223
47 262 85
311 246 118
264 157 339
286 95 161
176 293 360
96 281 23
38 322 298
18 161 266
47 355 246
171 74 117
166 20 275
60 248 293
68 323 0
58 355 221
321 156 273
286 95 348
236 121 213
256 310 264
299 172 269
191 120 86
288 168 168
356 138 296
50 69 137
156 9 164
190 228 35
5 155 260
236 24 291
140 190 81
188 95 67
127 321 176
218 53 136
39 347 134
282 79 207
346 108 34
151 100 133
256 54 320
186 96 350
162 132 138
191 110 45
90 86 334
155 202 74
357 104 176
201 197 116
193 326 184
40 67 173
63 236 40
323 301 38
116 267 92
165 173 229
79 53 348
356 271 114
291 282 58
99 206 281
178 359 48
59 33 103
266 79 132
126 339 199
194 4 135
148 111 200
76 160 55
144 24 88
265 107 166
340 238 58
187 266 0
91 141 294
145 252 254
161 217 105
101 290 249
313 232 269
110 185 253
39 284 277
110 12 132
265 125 276
0 10 243
198 23 325
148 263 352
324 155 252
224 222 353
227 164 354
208 180 242
67 319 258
133 64 77
322 65 222
127 221 323
163 49 297
41 229 53
298 4 118
304 105 296
343 360 286
244 273 237
289 22 151
263 23 239
18 112 66
331 271 185
145 194 326
275 108 128
245 82 101
342 234 219
242 202 268
268 286 192
255 352 97
266 208 338
141 241 356
335 320 131
104 153 328
88 269 357
57 187 91
25 250 8
123 310 128
319 26 297
5 46 348
169 186 84
76 86 4
344 120 310
357 287 56
214 131 353
334 181 272
320 117 340
248 167 208
226 277 355
262 126 61
98 275 282
22 240 90
132 42 111
261 308 189
95 206 215
221 297 72
74 286 202
134 222 141
261 268 38
183 202 240
90 166 45
88 13 78
38 161 103
85 220 59
166 334 280
331 214 225
340 126 339
4 79 315
161 151 22
345 109 22
169 245 103
140 178 297
167 39 203
52 32 146
119 278 145
275 265 143
178 208 200
211 107 339
63 274 27
64 107 194
140 81 262
169 231 308
256 96 54
262 194 217
250 271 204
215 359 93
153 275 311
278 52 349
127 70 98
2 84 212
305 237 35
352 297 139
81 146 270
337 121 42
302 251 48
151 271 269
60 87 149
205 41 53
316 78 272
150 167 62
296 62 240
226 143 173
305 119 260
24 320 355
185 137 338
265 270 209
289 205 60
239 158 79
250 129 331
228 358 334
102 206 64
337 320 181
182 163 278
250 114 135
133 62 188
170 75 113
129 3 129
345 246 134
179 343 23
166 158 261
202 318 313
314 272 262
194 271 78
223 11 335
347 357 75
82 227 207
122 303 176
149 246 218
249 358 142
39 66 187
171 247 57
276 68 39
300 100 345
81 312 300
139 204 179
89 296 137
90 14 96
92 154 289
352 346 11
225 305 174
215 12 306
19 349 209
335 248 296
342 289 266
45 21 63
223 327 225
186 37 280
322 190 171
144 352 299
120 168 25
152 281 74
328 296 104
19 327 351
358 140 255
295 5 50
269 344 297
222 83 106
12 73 92
62 245 44
24 67 334
148 61 89
241 204 50
324 170 118
299 41 311
344 27 118
315 273 207
244 343 156
231 233 35
45 137 309
99 84 344
336 251 163
28 264 174
56 103 192
73 203 125
308 188 322
110 196 88
350 155 90
5 338 253
31 145 354
17 208 308
0 310 95
229 51 155
231 305 189
46 258 216
276 51 275
262 237 53
355 353 122
52 272 317
67 137 146
349 333 158
329 216 61
339 254 33
154 155 320
277 342 119
90 230 306
36 181 27
138 128 166
162 75 341
137 19 21
32 6 57
29 252 28
295 270 16
283 309 78
52 17 47
211 269 149
193 256 70
296 267 82
193 273 295
105 281 301
26 85 78
151 293 168
322 310 180
173 87 353
167 225 53
259 317 81
337 71 102
325 232 140
312 149 2
257 36 134
68 239 157
170 81 105
234 157 154
35 88 129
256 30 167
5 312 94
42 359 47
141 140 65
249 33 11
119 222 64
187 211 110
223 3 192
13 343 259
48 200 234
86 313 85
358 201 24
302 343 176
157 8 296
206 171 36
79 116 301
154 293 154
95 5 298
344 352 291
65 11 56
193 213 325
35 291 26
77 299 136
231 145 113
18 97 341
114 92 155
43 69 46
43 55 95
281 132 35
106 110 140
339 124 195
69 20 304
2 355 286
174 327 292
4 14 72
249 293 177
236 188 279
126 192 146
322 171 30
83 126 347
142 25 66
203 64 343
304 272 258
126 27 148
64 57 22
324 208 219
77 12 201
111 32 329
113 104 309
282 170 237
126 283 328
132 77 11
44 221 45
156 228 145
350 111 79
239 324 348
283 195 82
61 108 183
271 335 313
317 107 262
205 22 160
117 297 166
172 32 191
324 94 60
81 323 206
206 70 159
130 350 134
64 14 197
202 157 314
67 288 118
107 120 228
51 169 85
336 332 216
312 337 327
180 304 331
304 139 295
68 246 76
275 40 217
112 182 169
47 104 86
61 45 92
230 308 175
247 352 281
333 327 63
267 292 309
4 132 323
153 115 60
201 64 97
187 1 182
201 202 104
151 266 358
178 108 55
315 61 250
93 262 17
157 25 147
189 301 148
116 256 204
203 109 82
27 240 40
185 227 214
61 215 15
130 78 50
149 50 116
267 115 141
269 47 90
171 130 294
23 109 63
312 284 65
69 110 295
79 82 192
180 13 175
236 5 180
254 313 147
330 7 318
125 342 332
164 138 262
117 175 45
58 52 258
146 202 318
254 38 121
316 205 249
17 13 249
136 226 282
129 49 108
114 62 198
115 63 99
196 198 347
211 301 345
342 56 225
167 352 143
100 219 326
184 320 276
106 315 119
328 39 286
111 332 151
221 65 95
133 287 236
27 319 349
105 182 91
313 334 215
119 130 351
78 262 106
192 326 0
137 28 330
266 13 92
299 276 265
80 177 85
154 190 123
94 294 329
138 16 292
248 38 212
177 166 148
243 13 278
100 53 187
231 13 206
312 184 283
107 20 214
145 73 246
141 97 75
268 119 1
233 314 32
124 12 342
145 312 113
244 107 136
343 29 207
91 68 320
285 46 307
1 45 138
157 154 91
156 268 178
277 205 156
256 354 135
259 279 313
95 129 285
340 64 70
167 41 54
231 197 319
294 219 142
319 192 59
31 99 151
347 198 308
86 104 171
253 136 135
199 106 92
345 283 76
140 49 76
78 82 237
42 141 96
74 352 167
223 96 332
17 233 44
27 227 248
352 67 124
16 335 226
300 95 200
226 307 210
100 58 77
62 142 45
281 286 100
343 256 55
150 61 223
328 212 286
195 354 126
160 113 212
142 290 323
77 98 209
204 60 250
73 319 96
138 338 155
42 33 280
181 76 320
111 314 85
264 23 135
61 73 121
145 126 285
171 182 269
69 175 85
24 9 117
342 6 174
265 233 241
295 276 332
298 334 279
352 274 295
240 4 84
229 203 300
170 99 122
152 345 197
37 59 324
21 18 162
280 230 146
51 289 355
97 137 159
245 66 319
45 134 89
68 239 92
291 272 240
106 219 327
272 122 260
302 196 201
278 266 258
131 247 165
259 42 11
3 128 134
251 267 237
284 40 253
341 358 259
40 292 299
189 296 197
13 229 125
266 142 51
80 52 347
204 48 88
207 118 102
157 53 261
94 30 349
234 320 36
14 169 157
27 250 161
345 155 112
245 202 243
341 198 222
245 239 176
51 170 2
257 306 117
31 235 158
271 265 296
357 66 218
141 270 234
5 300 210
352 58 172
132 36 302
274 41 205
141 305 51
9 77 145
8 18 138
353 11 148
220 76 331
277 167 113
136 64 36
48 90 211
243 208 347
229 68 214
290 158 306
112 218 231
220 222 197
181 67 59
85 4 94
142 346 161
67 114 12
291 254 229
321 45 245
39 350 231
219 30 287
225 38 40
32 181 359
301 24 238
337 199 101
292 212 173
195 235 355
64 238 20
19 57 160
256 24 183
330 176 301
206 105 298
317 72 170
147 244 282
44 200 331
296 2 93
171 188 92
287 359 274
87 268 49
30 264 50
278 55 251
122 170 268
285 192 234
326 162 55
261 18 117
274 95 321
150 47 55
242 140 150
181 266 255
8 72 319
166 94 29
217 93 224
74 209 16
175 68 192
189 125 359
157 146 118
232 315 183
237 145 69
317 153 235
297 41 77
122 131 43
182 230 346
328 139 160
277 65 32
237 312 60
317 91 110
189 161 94
206 252 191
360 136 313
199 27 91
128 1 356
243 325 289
70 276 17
155 50 51
353 76 301
13 178 233
149 332 277
215 312 23
31 324 324
112 132 287
70 177 170
44 200 257
331 336 120
201 316 248
307 102 274
352 22 53
110 145 132
84 188 139
29 253 191
231 118 259
43 5 12
15 36 300
146 221 177
233 78 356
360 302 105
117 202 83
58 192 313
280 176 77
25 224 141
349 189 149
312 77 200
287 220 158
311 283 17
302 242 11
112 120 185
321 247 263
127 265 287
249 263 222
19 353 209
149 164 342
189 78 356
131 293 308
177 115 163
147 128 313
248 208 166
108 140 186
261 62 222
48 52 41
195 126 50
205 168 162
247 356 92
278 12 4
11 132 46
193 321 219
345 25 148
214 178 89
249 318 310
64 87 92
24 15 137
216 54 222
276 240 64
236 71 176
110 212 320
73 30 183
155 160 4
334 141 132
318 19 49
286 185 340
223 328 39
158 177 141
221 89 170
241 233 240
268 220 102
244 240 287
225 182 182
346 3 49
182 187 319
33 308 114
37 190 268
348 84 330
14 344 199
253 57 53
338 337 37
35 51 115
144 308 274
243 241 241
59 168 241
164 290 42
91 356 305
353 184 340
149 108 81
72 322 344
141 314 270
22 107 187
59 360 74
294 119 338
290 50 360
145 5 166
183 343 23
190 166 345
49 235 19
283 120 342
215 191 75
114 200 99
143 156 300
250 248 37
340 261 151
285 50 64
255 33 324
79 202 359
229 6 19
202 351 105
201 116 313
341 253 55
77 316 98
308 114 236
0 27 14
67 251 115
126 109 96
360 11 173
307 250 4
59 34 34
93 0 18
281 111 65
301 117 117
289 296 335
17 325 107
231 161 30
323 149 96
142 154 256
309 237 195
319 314 70
132 321 245
119 102 190
6 344 188
227 235 2
76 217 117
288 160 291
219 52 95
118 177 19
182 133 329
148 357 59
262 3 315
17 227 43
214 224 272
290 162 72
233 309 81
154 326 64
10 274 224
70 334 72
144 57 212
290 333 175
204 41 9
341 305 181
167 353 172
267 223 70
222 85 348
223 299 255
312 122 65
162 113 129
213 39 87
35 74 323
270 320 273
222 123 351
56 355 10
80 37 50
126 302 160
211 207 47
202 346 346
334 305 124
40 178 95
96 76 285
96 147 345
325 73 230
200 212 50
70 36 254
202 173 315
206 195 171
210 264 110
187 143 66
313 100 185
167 249 223
334 331 147
142 56 317
51 120 74
206 28 340
253 26 164
98 29 206
61 188 163
261 100 79
232 199 167
87 154 46
69 192 218
152 252 29
150 112 199
290 93 329
183 127 41
203 352 98
299 292 258
296 206 172
346 270 294
118 331 342
88 276 105
140 108 257
273 123 262
139 240 164
224 198 161
302 79 344
106 277 141
319 9 88
114 299 224
20 235 198
310 110 273
344 292 300
112 176 38
180 66 353
309 274 72
117 150 37
135 152 90
335 143 174
230 138 156
348 287 261
96 241 154
27 353 54
154 17 235
42 339 166
16 226 341
114 303 300
105 301 171
109 192 189
354 84 64
96 280 350
135 347 95
355 32 280
169 263 45
26 88 131
233 89 94
140 199 296
267 33 249
88 111 288
325 340 234
134 118 170
18 297 236
37 127 13
182 85 105
111 298 177
31 266 133
69 170 86
232 68 264
1 80 270
91 327 181
70 321 213
230 360 203
195 241 9
331 114 326
34 67 257
198 28 136
131 37 159
108 287 289
21 242 228
257 257 108
229 298 321
15 106 345
319 339 126
271 249 179
43 297 146
314 289 355
356 163 162
233 243 135
25 269 264
157 229 210
118 174 27
122 265 184
216 278 36
296 307 101
149 294 252
304 298 85
242 71 195
272 172 114
168 35 317
178 115 340
280 177 303
287 17 330
17 214 107
136 107 306
94 5 347
194 114 147
186 85 264
8 310 103
308 74 183
316 165 178
206 210 162
196 337 127
237 20 177
224 54 8
182 279 107
275 36 357
104 119 117
312 119 45
289 192 287
134 181 131
164 347 185
261 97 348
159 2 193
103 166 215
165 283 209
197 191 210
14 209 136
272 70 265
163 266 201
116 132 243
196 227 150
91 136 243
341 213 107
135 337 37
346 184 75
168 237 264
140 338 291
235 97 43
166 147 177
336 190 277
146 197 205
119 258 38
296 279 154
274 356 70
153 138 26
83 82 119
321 4 79
225 3 253
263 178 35
248 75 202
254 93 360
133 21 130
55 189 82
6 151 122
325 17 293
25 112 197
182 189 357
256 58 185
124 78 126
95 57 1
91 283 86
128 154 44
146 239 165
286 319 357
146 131 53
59 178 305
344 242 184
200 75 97
179 125 150
1 283 321
247 312 282
323 72 351
122 319 44
156 237 303
23 237 259
33 256 5
139 102 198
29 210 110
265 7 163
322 73 356
235 103 95
92 309 54
299 186 342
280 35 205
103 168 111
290 103 122
241 205 339
246 132 207
339 243 83
93 259 236
123 324 11
266 148 338
62 259 61
108 30 319
305 223 127
22 338 69
303 219 260
21 293 21
106 214 12
120 304 137
246 168 334
206 354 203
315 187 110
30 117 76
284 165 30
265 185 44
73 92 150
31 191 81
121 82 310
94 324 319
299 11 185
210 154 16
154 68 242
71 181 231
6 109 176
109 175 21
87 111 171
19 295 209
193 300 142
28 209 73
94 94 214
230 144 62
127 281 344
200 147 307
86 157 264
18 125 153
18 41 116
194 207 76
168 244 60
20 205 350
96 356 237
111 133 30
1 233 284
291 84 173
309 121 59
308 86 130
275 17 264
76 87 199
223 170 303
36 274 318
197 191 66
167 98 96
246 338 144
61 190 342
347 230 175
102 327 227
269 98 266
58 51 64
48 80 26
307 196 15
126 187 47
349 311 41
236 134 151
188 299 148
347 40 93
283 209 137
346 347 244
92 221 197
247 58 274
115 158 110
182 74 124
145 331 33
131 204 215
247 252 67
149 187 88
64 92 257
159 316 325
251 86 22
209 147 266
128 277 149
59 69 321
332 11 238
340 109 53
223 290 275
186 263 233
309 70 34
285 146 304
15 279 81
87 261 214
138 287 251
77 189 89
149 209 106
69 38 34
211 302 142
28 87 344
68 231 118
249 44 30
153 126 40
154 49 260
195 225 224
64 308 163
147 306 344
317 149 282
185 28 138
218 322 37
52 304 352
26 41 58
81 258 204
218 92 45
83 298 241
143 70 19
190 274 19
122 24 220
331 50 174
167 70 279
334 215 162
96 128 193
272 192 125
65 64 62
105 66 301
72 273 227
7 232 163
359 9 135
71 258 298
304 193 301
212 137 118
171 58 321
99 195 293
145 273 239
11 87 33
129 272 166
310 8 180
340 236 244
6 50 189
11 286 227
93 323 279
27 91 147
215 169 216
312 170 253
49 47 98
35 358 165
93 200 113
317 127 283
217 128 55
256 216 80
165 161 262
282 8 109
10 188 130
142 107 315
209 81 166
69 28 305
360 175 275
178 102 226
54 281 184
4 259 6
205 139 78
25 283 6
158 216 198
64 258 1
24 200 222
336 99 282
301 91 323
308 320 220
52 127 170
346 173 324
163 213 144
247 104 67
101 2 30
126 261 210
205 202 97
0 211 29
233 262 35
99 200 105
167 35 52
301 9 158
235 49 185
185 205 18
114 173 283
129 250 235
283 347 290
172 30 322
358 328 146
231 224 252
72 186 298
136 351 27
90 334 183
82 230 198
212 321 40
244 72 191
161 92 2
62 187 98
34 51 307
30 224 326
286 174 295
148 41 289
311 8 349
283 90 336
336 134 83
236 244 200
312 18 222
6 50 356
73 135 346
136 325 165
262 61 298
132 245 15
305 348 32
62 343 19
88 211 329
100 157 147
251 78 342
248 145 193
167 141 76
154 268 359
219 38 346
325 254 62
120 56 296
82 268 44
349 29 183
99 242 161
322 188 166
335 57 7
327 345 29
27 9 247
213 33 147
284 51 48
312 67 349
152 293 149
144 30 78
167 270 133
279 356 149
258 237 9
8 297 79
138 330 314
51 136 131
128 186 15
227 94 258
141 304 48
295 339 353
258 89 315
93 207 161
262 98 153
48 69 70
246 137 142
129 58 66
344 322 15
271 59 302
184 214 148
23 159 334
211 222 66
316 4 359
27 100 302
282 144 42
91 46 155
112 38 304
137 256 288
21 163 297
259 340 221
186 115 42
216 230 44
252 38 290
275 222 34
16 26 358
222 310 16
157 258 360
121 175 316
351 348 135
214 114 128
359 66 164
332 104 83
255 34 208
127 74 0
131 171 56
160 277 16
40 215 333
15 308 90
97 130 199
110 265 355
174 24 288
315 63 88
272 140 22
53 349 250
313 61 306
325 64 234
165 154 140
227 44 253
298 344 8
218 32 335
21 15 106
33 331 28
260 44 142
280 61 334
334 232 290
212 204 311
245 26 27
188 195 151
29 165 31
22 19 316
314 238 212
310 37 247
131 301 160
3 136 147
310 181 300
313 202 100
235 188 3
150 164 312
53 249 4
33 141 82
122 30 291
142 258 262
144 60 48
31 283 93
214 7 241
357 321 359
93 108 295
167 70 61
202 153 353
115 193 246
317 55 290
84 169 325
240 139 181
160 158 344
106 106 344
150 315 333
45 164 86
23 178 253
23 263 309
47 53 158
80 344 148
35 116 104
43 323 317
99 320 319
276 154 261
261 9 42
71 181 347
74 236 136
358 237 86
222 272 337
69 216 22
338 344 301
106 284 178
47 333 179
339 121 225
229 317 130
299 211 138
122 83 276
130 22 138
314 335 53
129 176 72
185 85 148
281 1 218
85 289 280
190 317 308
26 245 122
25 226 85
81 243 196
12 164 317
86 111 220
101 198 216
172 141 252
129 83 60
170 251 322
101 39 270
119 11 48
162 237 103
154 111 164
144 282 165
59 326 169
5 111 59
215 350 75
350 226 179
33 176 196
216 286 41
251 305 127
183 182 154
319 281 52
210 322 74
127 16 270
172 270 180
73 7 128
257 11 263
67 34 345
190 92 336
329 192 18
190 103 285
260 0 249
123 232 106
31 344 164
163 224 102
165 256 261
56 49 272
307 138 71
298 210 79
165 118 320
304 93 88
152 272 166
320 345 111
72 55 88
298 76 44
106 212 82
27 336 149
281 236 63
307 358 78
250 92 202
37 262 219
242 48 177
136 67 54
268 213 133
151 230 170
247 68 39
277 13 199
207 80 48
155 266 141
212 244 36
295 326 244
247 23 286
19 239 140
155 309 270
326 246 171
23 92 224
264 179 270
273 165 224
184 68 217
297 254 283
206 254 194
250 155 95
279 294 27
348 112 327
145 261 27
102 54 235
141 337 150
173 258 358
42 167 100
321 172 122
261 126 323
285 317 116
344 173 226
179 185 338
27 6 226
214 77 109
315 58 316
116 94 309
77 22 151
259 178 96
125 7 346
278 153 274
157 134 32
273 43 3
303 67 180
78 265 199
162 203 40
280 301 155
84 93 327
152 19 173
332 310 42
345 97 227
292 77 3
320 338 2
178 163 280
31 5 249
260 169 192
4 124 311
254 89 14
266 102 57
254 100 153
162 16 209
219 292 324
145 149 220
242 62 327
71 212 347
342 182 2
301 346 60
143 238 0
68 119 322
293 112 106
56 107 320
202 271 265
199 347 134
334 350 314
346 255 140
80 99 340
173 189 223
75 337 329
174 263 85
118 198 95
151 159 202
30 319 9
268 305 111
146 157 330
339 63 79
258 106 49
201 12 295
253 237 235
204 42 328
270 74 291
50 28 63
242 350 18
340 20 274
120 295 282
10 220 248
62 263 198
4 179 52
