43 19 2
230 8 291
297 156 135
96 56 201
0 14 272
298 10 48
80 18 260
162 341 300
62 232 262
177 211 157
289 245 241
225 226 93
152 316 346
18 209 159
8 226 21
329 95 348
129 283 27
354 1 141
332 181 76
120 141 266
81 3 121
313 291 18
241 307 250
162 268 288
22 316 155
228 95 60
219 166 269
56 347 358
330 120 25
188 18 93
6 231 104
286 131 7
29 340 170
176 9 15
22 204 121
27 139 338
236 213 244
4 318 158
247 42 254
301 225 339
135 31 306
311 328 256
349 165 66
310 79 39
304 99 189
183 179 213
45 254 354
85 218 208
139 36 297
55 270 24
85 156 325
2 181 15
185 61 252
330 21 134
82 254 62
209 248 302
205 252 281
121 272 187
124 68 293
254 82 12
124 296 204
307 282 294
122 49 347
63 313 73
284 41 3
185 332 86
50 63 179
44 336 91
334 201 302
297 351 39
351 25 341
262 8 163
204 229 354
98 342 290
360 162 88
196 51 70
126 7 298
154 334 226
108 335 340
280 345 16
242 130 252
326 29 165
280 219 34
81 157 127
49 103 20
86 190 354
105 272 95
171 12 176
55 166 173
276 41 265
77 336 233
115 48 328
214 155 306
312 150 79
104 164 324
251 28 14
45 244 190
315 304 349
317 45 241
265 232 60
211 336 181
228 216 16
84 49 131
337 142 252
234 325 73
129 77 45
39 334 90
321 107 22
319 189 257
230 267 210
57 307 1
10 135 250
209 210 157
232 16 233
140 117 282
204 210 186
228 233 51
295 210 256
262 148 276
141 356 126
170 34 204
261 61 141
273 206 16
134 152 109
209 237 314
120 300 63
284 272 296
12 181 233
174 130 287
168 304 260
280 274 315
7 167 153
270 42 167
232 91 241
227 180 338
157 278 104
106 68 170
247 59 195
329 29 195
221 64 270
312 11 57
25 279 184
320 191 312
37 102 271
154 178 334
354 92 131
34 183 31
171 311 323
122 116 307
212 253 147
8 147 82
31 327 324
56 118 255
216 38 219
268 332 210
330 335 327
249 72 324
54 205 333
212 105 66
251 28 67
124 49 248
19 217 21
298 156 129
161 88 246
67 219 82
194 287 305
38 355 200
146 226 180
272 313 38
118 325 9
53 173 307
357 307 233
274 20 354
196 194 3
149 88 141
147 249 217
68 312 329
86 114 207
185 314 172
11 220 262
163 165 348
255 177 96
219 147 81
342 165 75
166 219 263
256 29 78
78 153 209
7 355 12
353 165 341
212 71 183
140 2 19
205 262 286
26 226 323
35 292 295
165 271 147
161 357 346
360 228 254
350 340 299
231 294 342
97 46 281
171 129 215
236 93 101
287 1 58
32 183 262
242 128 117
234 56 343
49 0 143
74 323 330
291 262 5
13 352 260
217 53 242
286 314 239
241 215 87
125 291 142
144 356 275
240 10 164
121 161 161
182 340 111
342 353 341
356 211 184
262 210 101
203 326 92
139 18 80
216 296 136
178 337 330
65 340 129
31 305 191
179 218 227
78 278 88
168 333 60
189 249 46
261 307 126
240 248 67
333 135 16
10 19 348
80 37 296
288 148 85
30 114 30
275 356 103
352 179 334
33 285 218
142 303 266
67 62 191
287 263 286
238 122 146
341 244 223
145 42 15
166 169 247
155 93 133
357 335 229
93 199 302
280 200 95
358 55 194
247 237 272
231 331 338
208 39 153
77 310 197
247 212 182
186 306 278
65 165 54
270 59 106
82 3 320
151 212 274
0 357 156
229 127 291
295 255 230
265 207 12
122 21 12
165 249 295
111 326 279
13 98 316
286 46 129
153 85 278
276 83 114
24 55 149
192 274 250
223 317 283
357 56 114
150 86 62
118 125 86
249 256 310
157 175 53
194 119 177
37 333 357
282 346 252
194 153 51
109 92 339
168 91 142
21 181 139
100 53 344
52 208 281
327 123 238
68 42 328
294 320 88
33 187 91
179 147 21
237 8 254
221 3 269
336 86 72
73 90 172
65 262 261
7 167 3
162 44 347
302 141 104
19 283 187
120 20 166
229 2 330
321 244 215
317 111 348
323 4 96
45 267 142
60 175 81
327 300 36
343 156 212
354 258 33
283 311 228
93 352 310
239 327 8
69 247 88
104 172 334
273 201 185
96 307 42
50 180 8
1 1 98
19 237 121
64 227 272
245 265 210
183 71 266
16 313 275
186 154 51
249 157 342
0 117 148
309 300 186
332 141 99
129 162 58
63 124 86
322 320 123
312 224 303
95 41 260
307 302 52
267 97 83
122 46 319
160 87 172
242 127 238
37 197 0
14 303 293
212 341 353
325 23 294
168 342 25
126 50 267
121 173 31
298 249 223
28 57 27
242 207 296
315 251 225
18 181 95
221 331 259
334 24 9
60 233 177
152 211 83
161 291 160
333 287 76
244 284 15
86 171 169
269 133 280
181 149 92
38 343 98
329 219 158
43 286 254
151 360 193
292 44 100
19 156 109
188 256 235
77 134 2
267 257 245
334 310 355
183 150 307
52 201 315
274 259 231
123 143 175
224 133 256
99 46 251
171 98 249
321 22 165
174 209 321
274 150 234
308 234 198
167 40 97
255 161 98
85 343 124
141 318 28
287 321 219
18 328 224
113 117 316
357 335 78
198 349 56
276 299 74
352 263 332
141 356 197
20 356 32
22 62 41
96 87 328
148 83 32
206 91 256
168 304 150
261 228 354
9 233 165
213 85 144
21 275 308
86 270 326
265 95 32
109 349 89
142 322 192
13 211 176
197 135 272
216 248 27
306 274 275
239 223 153
93 285 292
166 332 60
293 84 205
0 48 127
152 264 202
343 199 229
37 41 345
308 150 89
119 327 74
289 115 354
102 205 76
165 180 248
264 92 307
171 355 43
175 328 248
194 352 338
13 121 193
189 77 127
46 319 5
240 308 122
14 263 181
58 271 212
177 129 15
337 161 187
230 147 80
94 150 138
18 336 271
74 132 257
266 269 210
93 122 73
315 248 317
331 47 181
143 170 343
330 82 281
280 185 118
83 341 305
144 136 127
274 182 4
77 323 223
190 130 15
57 167 343
130 25 71
138 96 33
108 213 302
256 233 135
52 57 182
26 359 13
80 228 289
277 297 150
142 128 244
290 318 326
200 139 312
56 267 20
2 359 16
264 11 213
307 319 150
311 333 92
223 216 7
111 33 185
45 287 61
159 48 56
12 326 358
137 295 251
103 62 5
334 262 261
200 291 249
336 254 218
87 301 178
112 260 218
161 113 231
57 61 186
71 302 360
40 234 104
67 282 179
11 293 245
152 229 284
208 352 54
153 182 204
242 167 290
178 216 70
69 92 60
22 290 178
196 119 64
80 305 203
129 98 68
90 251 19
248 3 13
22 261 214
206 20 142
210 279 35
72 35 276
354 244 128
165 195 292
62 242 240
280 241 125
286 332 300
310 196 157
21 30 320
174 241 229
222 180 203
299 289 242
351 102 129
8 9 262
116 154 243
82 39 34
247 179 334
100 329 150
227 102 337
30 327 84
49 99 149
143 144 266
340 177 160
50 338 164
275 334 271
72 290 193
357 95 220
320 264 129
253 33 5
308 42 211
163 76 57
18 321 30
155 107 240
202 29 74
132 40 12
271 240 91
133 303 163
227 176 354
134 9 354
348 347 31
158 239 224
32 164 313
328 127 178
72 113 67
182 54 223
162 301 273
247 15 303
228 207 206
44 204 170
241 347 310
79 189 357
269 121 271
294 118 304
262 319 39
130 115 239
171 332 237
153 343 264
72 324 237
73 270 244
53 255 312
280 286 203
308 317 175
245 287 156
179 170 227
349 178 314
200 97 326
84 304 226
88 25 156
117 183 325
135 101 255
322 88 57
117 353 47
123 208 32
360 218 219
56 76 126
286 335 151
233 13 83
16 205 330
52 110 58
293 237 153
331 42 255
43 351 256
89 278 283
180 12 144
313 156 299
214 325 251
189 290 356
77 323 98
95 155 1
22 31 152
173 265 228
347 28 213
189 99 248
28 348 326
182 1 338
277 229 34
316 163 176
240 121 305
322 135 281
170 330 157
38 219 86
292 21 326
104 37 178
237 336 86
288 355 301
75 146 245
213 191 78
247 217 272
47 37 129
70 14 345
189 67 157
231 14 212
215 26 196
89 191 122
285 147 82
261 170 74
180 233 294
18 124 167
143 118 206
24 337 84
209 261 135
110 145 245
90 94 276
70 35 181
130 185 1
254 219 3
336 62 244
119 166 338
179 35 137
66 314 142
112 83 97
275 134 103
214 36 107
332 332 309
52 180 347
231 153 190
325 300 171
157 291 272
91 101 12
102 42 340
43 104 14
310 301 268
61 36 160
150 135 48
172 99 178
225 168 246
138 88 218
186 206 235
160 332 157
282 134 88
131 225 0
43 252 265
210 191 21
295 119 353
272 264 59
174 228 228
96 27 116
64 116 338
258 115 47
172 175 18
164 148 60
219 242 83
25 3 83
8 262 355
344 69 54
238 234 322
327 122 120
301 211 338
325 330 36
295 66 40
106 66 97
127 218 83
36 137 89
144 4 327
351 139 347
201 167 162
35 207 85
211 135 6
315 160 57
67 123 287
136 199 134
287 42 247
141 241 8
226 306 97
190 333 121
115 173 140
102 91 222
170 184 3
155 226 119
65 205 138
215 291 97
303 134 112
58 206 280
351 177 250
102 99 90
251 224 182
2 251 132
131 199 300
50 129 57
273 264 210
273 298 67
212 111 36
58 134 41
234 318 123
121 184 212
18 358 297
330 125 28
232 305 108
289 82 211
106 4 145
108 316 265
55 149 313
75 123 25
27 59 280
108 336 65
27 172 259
36 218 296
290 266 76
182 163 146
352 351 346
215 125 156
351 273 275
299 202 208
136 356 79
202 315 312
57 37 0
45 45 266
85 48 129
56 56 47
294 158 202
230 92 35
360 251 136
164 91 147
271 144 360
104 209 322
249 267 160
342 290 20
163 111 256
88 340 10
245 45 157
173 69 7
250 215 288
190 344 356
352 123 263
342 19 123
40 185 260
75 70 352
65 237 216
268 210 143
42 232 299
222 94 76
190 122 330
244 248 272
308 164 157
44 263 339
329 161 335
172 130 159
249 172 82
280 161 160
149 337 177
315 78 209
7 329 194
193 226 300
132 354 176
57 212 87
218 285 88
218 216 161
4 335 133
42 67 253
39 41 264
255 206 182
239 354 211
270 38 83
95 153 161
337 36 62
38 145 106
274 193 156
239 31 291
163 284 113
39 336 43
46 352 188
81 78 124
221 301 322
26 356 102
49 83 164
78 135 49
210 305 209
211 260 238
304 110 239
155 86 25
55 87 338
70 285 93
256 122 165
327 244 164
95 189 73
67 39 43
237 43 220
307 199 106
281 327 94
139 43 259
141 336 59
147 232 247
252 281 275
9 19 293
237 118 229
42 274 313
177 310 26
248 55 338
311 287 319
204 309 108
6 61 107
287 246 182
310 28 305
174 252 323
52 23 38
37 229 183
46 347 226
308 95 248
111 75 172
120 249 129
314 147 29
347 201 59
256 8 27
162 306 240
93 248 250
217 224 17
331 107 113
331 36 293
24 133 259
239 360 318
275 336 113
185 215 147
233 175 57
259 322 208
79 51 224
133 321 101
229 2 124
359 111 259
248 65 311
183 181 190
281 339 188
295 280 88
295 102 136
297 276 267
44 235 150
219 32 32
185 349 36
163 44 96
310 282 203
176 181 38
117 189 178
2 100 83
25 146 80
293 206 294
263 37 264
76 266 165
68 201 312
84 74 164
92 285 299
266 279 155
127 231 290
130 160 293
25 3 24
83 37 10
338 150 312
261 77 29
229 28 296
329 190 342
4 143 165
246 195 195
324 307 142
274 153 294
62 98 247
52 321 183
131 206 162
37 4 174
10 340 4
12 291 53
304 70 325
251 160 312
10 189 118
255 171 89
21 275 304
27 122 92
101 358 308
4 319 43
100 330 52
298 358 327
91 216 212
129 275 339
110 58 224
24 106 100
320 227 45
358 229 329
226 135 162
288 64 360
109 279 298
107 254 50
248 99 353
223 70 192
70 278 202
49 238 33
77 44 54
307 264 252
105 167 56
124 81 40
332 311 255
192 180 106
191 276 327
285 233 354
280 346 51
150 252 150
138 320 142
229 292 224
252 234 272
65 113 302
274 38 37
13 98 106
329 86 360
97 157 161
266 233 140
122 333 35
79 131 201
77 277 0
220 355 215
290 19 257
201 288 255
190 169 89
227 54 162
188 59 100
21 315 184
320 287 17
112 253 251
97 4 220
358 263 54
157 69 46
202 140 48
71 289 293
299 292 327
308 259 80
31 167 58
148 347 98
230 340 339
355 25 353
203 1 245
301 154 113
322 94 89
226 243 353
19 310 201
350 325 278
39 161 97
250 106 221
207 121 183
1 155 99
51 194 168
34 58 139
53 147 287
316 356 360
144 152 166
189 15 93
317 176 267
199 45 1
268 343 87
195 98 96
27 272 113
94 311 310
328 127 273
27 49 85
221 28 342
127 215 162
219 25 43
50 105 345
268 188 176
115 245 272
272 251 65
266 62 203
51 335 66
3 121 99
14 277 134
120 177 285
335 316 36
184 344 82
256 25 93
299 151 42
139 173 16
327 12 36
112 142 80
36 289 287
173 325 109
298 283 217
138 309 326
22 262 264
98 337 313
144 340 84
358 299 206
141 239 213
286 293 248
21 262 210
121 186 3
282 34 3
200 71 237
327 305 82
48 266 87
71 171 178
265 343 126
37 216 182
94 192 214
162 196 314
219 32 143
324 228 29
301 193 299
334 314 7
176 138 273
176 348 91
127 39 63
96 85 172
86 319 290
123 141 38
135 294 101
57 207 188
194 72 62
53 240 359
105 121 222
219 93 188
1 224 54
224 194 298
30 155 146
274 268 352
256 285 210
122 99 304
49 314 39
98 320 9
109 252 31
208 39 233
107 142 255
140 146 286
209 182 289
72 63 125
119 136 46
174 47 8
260 222 89
211 264 19
123 258 118
8 267 265
31 314 63
68 122 40
15 70 227
343 357 349
313 144 77
325 353 320
285 107 36
356 107 35
306 232 213
354 116 170
315 59 156
354 147 158
146 176 321
149 50 165
326 117 28
218 347 31
146 138 169
125 299 354
317 178 20
155 196 297
121 316 107
146 353 287
349 134 317
286 109 83
1 46 229
239 229 253
291 180 336
343 352 78
290 212 133
29 246 196
148 274 165
323 305 268
300 335 57
27 228 263
176 344 130
201 307 314
33 259 267
90 270 289
24 334 339
60 102 323
263 299 314
352 127 276
109 276 345
282 194 162
196 213 6
71 235 14
353 278 332
204 52 21
334 40 53
204 44 131
344 14 170
215 258 334
301 190 110
6 357 228
163 202 311
27 274 245
189 228 13
150 285 158
196 237 202
283 146 45
307 238 274
341 131 231
292 111 38
136 207 151
283 272 184
294 240 89
315 136 2
122 211 85
152 111 340
87 46 145
324 109 162
135 198 135
285 123 316
46 152 247
344 5 179
19 214 299
282 192 133
2 238 86
126 43 194
332 60 295
148 246 148
258 246 114
44 19 263
71 68 285
29 292 107
224 99 297
108 144 119
226 160 303
288 312 10
185 66 150
141 12 314
162 360 280
236 3 162
150 232 118
337 146 86
301 113 334
201 308 330
256 210 287
3 46 112
146 35 88
75 319 198
161 286 314
245 284 268
178 43 282
148 76 299
298 207 61
134 235 288
6 347 85
130 165 108
51 295 9
159 359 93
13 240 32
264 238 49
134 311 179
56 243 300
40 8 176
328 186 97
186 42 44
20 264 306
7 325 297
159 187 279
208 275 242
178 332 315
111 349 146
345 153 55
336 267 118
303 97 82
224 12 207
201 20 37
92 340 132
53 86 359
255 312 7
8 351 242
54 86 12
352 309 112
101 353 51
240 19 348
119 185 275
62 214 82
277 196 96
217 210 305
205 90 63
182 67 36
302 40 162
301 80 86
220 204 95
194 313 108
186 68 348
179 87 56
156 343 346
290 161 92
353 245 352
101 25 181
200 249 200
312 353 178
173 74 22
16 71 318
212 17 270
59 295 145
312 285 227
69 242 49
246 62 251
62 311 131
121 75 275
64 118 269
162 164 123
63 220 30
288 337 326
99 161 103
327 172 212
233 268 167
190 345 222
116 156 33
310 186 116
175 312 172
199 156 109
325 321 49
67 7 89
188 326 69
162 125 176
69 329 269
160 23 183
22 62 275
206 350 353
225 212 337
136 154 333
296 239 263
155 259 302
211 357 203
71 220 253
287 234 291
151 7 21
272 324 190
341 100 142
64 238 314
20 110 145
111 6 145
239 24 178
167 359 272
328 133 308
195 254 221
319 281 241
138 155 47
285 117 28
85 247 228
112 121 224
157 312 21
25 202 69
113 14 96
175 232 34
317 145 283
340 325 57
108 232 195
127 175 165
50 250 3
15 263 96
14 75 215
180 255 62
48 76 112
100 133 305
335 302 354
243 101 182
79 19 190
312 51 317
286 284 352
19 330 38
39 279 321
118 125 132
74 331 301
34 104 48
246 103 25
95 257 338
309 51 172
230 25 101
320 186 56
289 261 177
257 269 356
135 157 354
150 174 339
48 106 294
19 87 341
20 319 155
170 304 200
213 10 45
31 64 302
95 283 69
182 18 166
267 28 205
126 165 220
5 156 126
5 170 147
354 222 334
78 43 46
324 253 167
88 289 350
246 33 301
9 313 335
158 298 236
179 186 167
74 59 350
207 25 258
66 326 168
314 66 318
292 323 247
148 291 43
258 48 146
306 1 21
49 301 100
293 61 224
56 319 184
185 118 14
66 338 339
135 286 325
8 125 201
37 56 339
279 256 264
29 189 323
304 2 143
111 31 20
177 158 188
27 185 15
336 284 102
333 18 126
21 31 263
139 58 150
211 23 220
146 246 233
96 195 223
277 347 64
260 14 13
119 278 231
133 70 51
116 199 261
68 16 43
292 21 132
157 117 139
280 298 124
203 2 85
183 173 168
137 205 193
148 218 279
334 196 311
140 19 180
99 210 183
297 45 17
289 8 122
354 255 21
178 316 95
190 117 95
171 352 7
30 104 250
289 67 270
207 256 301
90 268 214
193 11 297
2 174 205
335 118 299
130 84 262
168 41 245
302 238 262
158 360 227
292 332 303
146 65 214
10 202 78
198 337 8
301 145 270
339 195 90
259 288 261
289 64 358
206 86 225
223 228 306
145 303 27
353 312 357
320 10 75
91 92 357
296 272 92
309 281 113
180 321 88
137 295 172
237 28 185
184 281 295
221 270 102
38 329 278
151 197 328
296 20 157
260 149 329
119 108 262
12 113 6
8 321 148
34 287 242
121 71 333
256 154 25
270 245 308
237 111 135
162 116 44
264 17 222
190 15 152
107 154 2
358 126 336
25 180 72
323 325 236
203 224 111
31 267 149
147 294 168
221 105 166
188 221 47
231 326 96
339 54 103
223 121 266
190 224 166
244 81 284
15 24 235
255 129 9
122 215 247
322 321 91
168 127 60
198 16 95
350 36 197
4 180 230
48 231 226
239 215 323
101 35 354
187 357 178
360 225 212
299 167 111
263 90 281
353 161 81
254 76 251
223 62 10
230 240 125
342 112 31
87 313 219
358 200 213
49 27 167
268 327 39
343 240 75
60 218 18
226 20 214
71 277 201
325 64 348
237 21 252
79 57 246
209 175 269
93 294 234
18 241 2
227 168 67
213 178 37
324 124 266
285 161 102
132 328 211
78 152 314
5 236 174
10 97 314
311 193 212
154 15 163
280 253 261
40 341 111
233 287 334
81 139 279
18 343 215
25 344 270
263 70 313
70 109 20
324 45 213
161 143 359
291 287 170
352 237 210
243 217 40
236 212 22
325 186 193
160 261 275
245 8 78
20 326 211
45 321 339
33 255 108
250 248 204
279 74 206
77 356 238
143 351 2
87 303 313
82 121 355
60 330 182
110 231 201
266 178 154
105 259 319
132 111 326
312 336 245
141 34 316
130 186 232
15 172 26
168 177 197
25 315 168
35 117 45
132 223 167
258 108 175
186 13 217
171 70 211
44 76 174
240 301 275
256 164 226
333 274 76
270 245 259
335 248 113
152 190 266
225 85 358
199 241 289
160 213 277
115 166 118
302 286 249
67 154 6
313 152 2
256 58 219
336 225 327
260 178 78
17 260 96
146 121 280
252 7 97
71 303 289
69 8 188
212 224 343
243 281 288
230 116 68
33 39 180
355 155 99
348 331 92
41 216 116
232 123 218
330 174 83
341 173 71
215 196 36
268 44 249
274 32 137
77 96 9
125 94 73
287 97 208
142 47 242
265 272 255
40 258 258
325 243 356
350 100 10
147 311 343
104 165 58
279 114 134
167 216 131
223 269 129
47 144 147
195 222 245
197 336 351
55 258 331
3 93 244
94 276 145
30 331 11
341 44 68
22 290 51
255 246 139
234 108 281
268 267 191
24 87 154
167 133 342
172 222 266
27 281 142
360 233 105
195 310 185
329 55 100
105 292 360
155 88 70
89 353 357
268 216 126
106 198 177
96 96 89
121 323 59
168 117 11
212 336 224
66 141 146
69 310 332
120 221 67
359 309 143
277 321 178
24 89 126
140 325 360
94 160 103
142 260 118
334 327 194
96 48 255
64 159 159
242 312 148
251 360 323
332 81 324
18 1 253
250 313 337
297 260 15
90 55 290
228 353 184
291 331 290
252 325 226
5 355 44
64 4 252
359 72 320
43 248 132
278 14 147
101 60 345
197 19 232
222 58 300
321 20 74
96 231 21
262 307 144
353 76 289
65 207 293
99 40 98
201 329 274
260 225 156
290 274 76
231 62 341
307 214 262
360 69 272
73 67 28
193 189 114
209 10 233
3 9 233
275 313 49
53 314 158
24 358 236
105 226 276
129 85 199
222 188 255
26 204 48
63 122 127
268 291 259
323 258 57
81 297 127
173 136 139
74 218 322
1 130 40
241 108 244
234 169 321
301 360 356
206 241 221
6 180 221
190 347 298
131 231 63
242 129 85
120 60 256
282 83 136
151 331 276
85 214 319
243 344 45
30 86 342
18 271 175
130 117 225
204 10 213
272 301 37
251 234 221
162 322 99
84 267 16
260 279 23
5 302 111
247 192 84
217 145 314
263 153 235
353 3 196
146 273 7
90 286 304
7 38 354
53 77 217
317 80 10
33 84 85
321 60 7
309 147 287
350 271 306
235 189 60
108 338 294
65 153 284
308 49 242
56 272 266
252 95 190
251 114 3
15 200 60
171 136 194
269 112 289
348 149 4
248 215 131
146 194 353
219 212 319
75 253 234
230 91 79
256 213 187
270 118 103
255 222 83
249 120 277
180 317 310
229 152 4
104 117 353
115 96 257
4 31 330
288 24 251
101 54 332
280 12 82
95 305 38
129 94 279
311 268 354
223 19 327
190 24 25
248 150 296
168 11 115
52 158 135
218 348 274
252 216 59
22 151 88
231 293 80
165 35 237
116 200 360
142 7 263
50 125 45
295 191 189
325 74 308
49 323 319
351 21 97
107 237 50
192 314 226
356 39 270
124 174 326
101 14 22
231 80 39
344 335 338
116 288 359
210 76 97
292 345 242
112 348 102
302 34 150
102 257 203
174 356 180
211 223 266
299 254 334
183 157 275
5 204 52
142 160 41
255 84 39
154 360 252
200 131 219
237 331 270
162 330 320
290 261 48
186 9 59
1 65 283
129 222 259
129 136 137
165 214 177
337 144 217
151 268 334
298 246 343
133 216 133
8 148 186
328 150 219
79 50 317
102 300 89
328 142 214
48 353 256
128 97 274
232 188 308
170 236 211
284 189 259
287 272 87
165 198 24
71 22 275
174 97 243
222 71 224
66 220 357
231 2 300
297 42 245
106 266 134
139 277 184
254 92 292
44 14 317
152 246 296
116 15 339
33 159 232
99 147 133
277 235 300
327 356 291
73 60 332
33 206 181
109 207 301
360 298 13
168 231 311
360 350 46
273 249 140
352 126 71
342 88 65
329 99 135
102 266 266
246 280 204
246 289 322
335 257 3
133 64 150
61 259 332
191 25 288
85 90 332
18 348 236
75 330 326
333 14 314
69 245 57
120 172 354
123 189 192
216 207 160
211 151 172
63 285 160
313 118 299
345 269 116
263 220 165
178 335 323
288 79 211
59 124 51
234 138 99
44 35 173
21 343 56
319 176 81
58 311 306
78 185 358
255 226 126
247 133 212
251 273 21
21 279 164
126 320 307
169 24 82
94 2 232
53 19 181
129 266 3
115 13 349
302 20 62
92 225 96
71 111 52
34 206 131
206 225 47
175 183 138
301 106 5
157 154 11
179 84 188
280 320 215
298 150 305
267 249 238
150 133 249
356 327 344
62 197 151
258 105 4
72 168 315
44 258 13
157 263 195
181 87 63
119 70 61
37 57 48
168 155 261
158 262 166
349 130 196
83 225 152
319 326 248
217 246 209
246 56 224
254 267 190
235 57 324
10 66 218
238 134 355
269 230 190
14 249 323
344 265 259
355 57 223
6 357 128
62 85 47
168 268 94
79 301 14
158 299 120
264 93 279
36 168 84
279 71 201
137 246 247
149 152 86
342 1 151
129 345 64
12 139 259
183 23 139
93 321 15
225 130 278
205 91 297
159 26 164
29 304 204
176 298 47
6 232 116
168 32 192
246 121 347
192 258 255
136 3 147
46 86 357
42 41 212
75 75 34
176 121 33
355 192 50
248 329 209
68 345 78
302 124 39
277 358 71
274 31 331
350 86 73
271 175 280
262 81 98
275 178 43
114 50 75
177 262 342
105 223 25
224 273 307
279 249 0
249 111 49
201 205 63
145 290 7
184 43 29
360 342 117
316 300 125
58 203 87
334 117 321
276 302 191
89 113 340
294 123 80
356 237 53
221 169 103
266 147 111
124 27 79
108 201 62
205 101 336
351 5 250
241 108 249
187 83 321
34 217 202
119 46 337
287 9 182
51 155 360
141 244 110
277 88 339
346 235 256
331 38 174
328 1 137
308 122 201
37 229 181
118 267 164
176 268 261
182 275 321
303 89 154
331 314 111
11 65 52
201 131 220
326 226 14
167 241 65
22 280 201
69 47 276
44 329 258
308 109 18
332 148 258
139 271 72
249 274 344
253 27 288
130 116 173
307 241 321
149 46 75
66 223 137
327 68 193
26 203 318
293 116 48
32 106 162
149 56 194
16 232 332
215 275 200
284 64 208
189 39 329
41 308 150
355 318 234
235 342 10
210 201 260
300 4 211
234 280 102
314 6 178
281 270 139
360 206 273
8 242 334
82 133 263
148 147 190
207 34 85
249 233 149
320 117 127
263 292 341
80 95 170
126 142 216
98 316 156
135 263 314
26 25 181
127 111 295
303 113 5
309 216 14
125 216 302
341 288 344
93 288 39
120 49 203
341 325 107
