-0.03 -0.12 -0.39
-0.05 -0.23 -0.68
0.19 0.02 -0.46
0.16 -0.03 -0.18
0.00 0.02 -0.11
0.21 0.02 -0.38
0.10 -0.08 -0.45
0.02 -0.02 -0.29
-0.02 -0.12 -0.46
-0.01 -0.13 -0.40
0.18 0.05 -0.33
0.02 -0.01 -0.25
0.01 -0.00 -0.06
0.03 0.07 -0.12
-0.00 -0.03 -0.10
-0.03 0.08 -0.29
-0.00 -0.02 -0.09
-0.00 -0.01 -0.18
0.14 -0.24 -0.59
0.04 -0.21 -0.74
0.09 -0.10 -0.68
0.00 -0.07 0.01
-0.06 -0.15 -0.56
0.07 -0.15 -0.76
0.02 -0.01 -0.20
-0.08 -0.18 -0.40
-0.01 -0.08 -0.34
0.18 -0.02 0.07
-0.02 0.07 -0.26
-0.00 0.05 -0.02
-0.01 -0.20 0.02
0.19 -0.02 -0.26
0.02 -0.05 -0.44
0.00 0.06 -0.20
-0.01 -0.06 -0.32
0.00 -0.03 -0.28
0.10 -0.00 -0.03
-0.02 -0.03 -0.29
0.27 0.02 0.11
0.16 -0.14 -0.40
0.05 -0.01 -0.09
0.02 -0.06 -0.58
0.04 -0.26 -0.13
-0.11 -0.09 0.08
0.11 0.03 -0.53
-0.00 -0.16 -0.21
0.14 0.04 -0.19
0.02 -0.06 -0.49
-0.04 -0.13 -0.39
-0.01 -0.06 -0.58
0.15 -0.03 -0.21
-0.00 -0.08 -0.16
-0.00 -0.15 -0.63
0.16 -0.27 -0.40
0.02 -0.04 -0.23
0.01 -0.19 -0.54
0.01 -0.06 -0.26
-0.04 -0.09 -0.33
0.02 -0.02 -0.29
0.09 -0.07 -0.27
0.03 -0.12 -0.47
0.02 -0.04 -0.39
0.15 -0.02 -0.22
0.01 -0.09 -0.63
0.13 -0.01 -0.12
-0.01 -0.13 -0.44
0.01 -0.02 -0.61
-0.19 -0.15 -0.11
0.01 -0.08 -0.47
0.05 -0.07 -0.44
-0.01 0.02 -0.22
0.10 -0.03 -0.14
0.01 -0.00 -0.31
0.09 -0.02 -0.18
-0.00 -0.02 -0.25
-0.00 0.08 -0.04
0.09 0.05 -0.10
0.01 -0.01 -0.09
0.07 -0.03 -0.29
0.15 -0.05 -0.26
0.03 -0.08 -0.32
-0.03 -0.08 -0.47
0.02 -0.09 -0.40
0.04 -0.05 -0.75
0.08 0.03 -0.03
-0.14 -0.03 -0.15
0.22 -0.03 -0.19
-0.03 -0.15 -0.46
0.02 -0.03 -0.60
-0.02 -0.13 -0.51
0.02 -0.06 -0.69
0.01 -0.12 -0.47
0.03 0.01 -0.05
0.01 -0.03 -0.09
-0.04 -0.15 -0.60
0.04 -0.01 -0.06
-0.01 -0.09 -0.41
0.01 -0.10 -0.56
0.14 -0.25 -0.31
-0.05 -0.12 -0.47
-0.15 -0.06 -0.25
-0.05 -0.18 -0.66
-0.02 -0.12 -0.67
-0.00 -0.06 -0.24
0.08 -0.02 -0.29
-0.02 -0.15 -0.51
-0.02 -0.10 -0.42
-0.01 -0.03 -0.24
-0.01 0.16 -0.32
-0.22 -0.09 -0.52
0.14 0.02 -0.12
-0.00 -0.00 -0.09
-0.06 -0.25 -0.27
-0.06 -0.17 -0.65
0.02 -0.01 -0.08
-0.02 0.04 -0.16
-0.08 -0.19 -0.52
-0.01 -0.07 -0.23
0.02 -0.03 -0.19
0.02 -0.12 -0.45
0.01 -0.10 -0.44
0.10 -0.05 -0.22
0.10 -0.09 -0.58
-0.07 -0.04 -0.22
0.07 -0.07 -0.01
0.05 -0.01 -0.08
0.12 -0.07 -0.35
-0.04 -0.04 -0.62
-0.01 -0.16 -0.19
-0.04 -0.13 -0.23
-0.11 -0.02 -0.05
0.01 0.03 -0.03
-0.00 -0.10 -0.45
-0.01 -0.06 -0.36
-0.01 -0.09 -0.50
0.01 -0.05 -0.49
0.04 -0.12 -0.44
0.08 -0.02 -0.16
0.00 0.00 -0.28
-0.02 -0.21 -0.68
0.02 0.00 -0.43
-0.01 -0.05 -0.22
0.01 0.05 -0.51
0.02 -0.03 -0.33
-0.02 -0.08 -0.24
-0.00 -0.01 -0.27
0.11 0.07 0.00
-0.00 -0.02 -0.10
-0.02 -0.18 -0.66
0.00 -0.11 -0.33
-0.05 -0.10 -0.60
-0.11 -0.14 -0.16
-0.00 -0.11 -0.45
0.00 0.02 -0.19
-0.02 -0.14 -0.33
-0.09 -0.02 -0.33
0.02 -0.08 -0.28
0.05 -0.03 -0.21
0.01 -0.23 -0.57
0.01 -0.07 -0.27
0.11 -0.01 -0.12
0.04 -0.00 -0.06
0.11 -0.01 -0.13
-0.05 -0.14 -0.15
-0.00 -0.10 -0.41
-0.00 -0.01 -0.27
-0.01 -0.08 -0.33
0.00 -0.05 -0.22
0.02 -0.06 -0.30
-0.12 -0.25 -0.72
-0.03 -0.08 -0.29
0.03 -0.14 -0.46
-0.04 -0.10 -0.41
-0.05 -0.12 -0.57
-0.05 -0.13 -0.43
-0.06 -0.17 -0.50
-0.03 -0.09 -0.65
0.14 -0.04 -0.20
0.00 0.01 -0.21
0.02 0.07 -0.02
-0.02 -0.13 -0.27
0.01 -0.02 -0.14
-0.01 -0.09 -0.18
0.01 -0.09 -0.24
0.00 0.05 -0.03
0.07 -0.05 -0.19
0.04 -0.01 -0.06
0.01 -0.01 -0.47
-0.00 -0.01 -0.19
0.06 -0.27 -0.33
-0.07 -0.07 -0.08
-0.00 -0.02 -0.24
-0.03 -0.12 -0.35
-0.08 -0.00 -0.57
-0.00 -0.08 -0.35
-0.07 -0.18 -0.15
0.01 -0.03 -0.26
0.05 -0.21 -0.50
-0.02 -0.08 -0.20
0.09 -0.03 -0.31
0.01 -0.08 -0.29
-0.09 -0.14 -0.55
0.22 0.05 -0.34
-0.07 -0.02 -0.65
0.08 -0.01 -0.16
-0.15 -0.14 -0.41
-0.01 0.00 -0.06
0.10 -0.12 -0.46
0.11 -0.10 -0.58
-0.02 -0.14 -0.40
-0.00 -0.04 -0.32
-0.00 -0.07 -0.30
-0.06 -0.14 -0.63
-0.11 -0.29 -0.71
0.03 -0.08 -0.39
-0.12 -0.07 -0.40
0.04 -0.03 -0.16
0.01 -0.12 -0.34
-0.03 0.09 -0.26
0.01 -0.06 -0.17
-0.05 -0.03 -0.21
-0.09 -0.13 -0.70
-0.02 0.04 0.03
-0.15 -0.24 -0.70
0.00 -0.13 -0.45
0.01 -0.09 -0.37
0.09 0.06 0.01
0.00 -0.04 -0.25
0.14 -0.04 0.06
-0.00 -0.12 -0.47
-0.00 -0.02 -0.19
-0.12 -0.02 -0.17
0.13 -0.05 -0.07
0.01 -0.01 -0.06
0.03 0.13 -0.14
0.04 -0.02 0.04
0.12 -0.06 -0.39
0.04 0.00 -0.19
0.00 -0.11 -0.51
0.03 -0.23 -0.11
0.03 -0.02 -0.23
0.02 0.00 -0.07
0.15 -0.01 -0.16
0.20 -0.02 -0.35
0.08 -0.01 -0.09
-0.02 0.09 -0.19
0.07 0.03 -0.22
-0.04 -0.07 0.05
-0.04 -0.19 -0.42
0.02 -0.16 -0.61
0.12 -0.05 -0.20
-0.01 -0.03 -0.41
-0.02 -0.10 -0.45
0.09 -0.03 -0.13
0.05 0.00 -0.22
-0.01 0.01 -0.18
0.12 -0.01 -0.11
-0.12 -0.06 -0.37
-0.01 0.02 -0.19
0.07 -0.04 0.05
0.05 -0.02 -0.16
0.07 -0.01 -0.08
0.02 -0.02 -0.27
-0.01 -0.12 -0.48
0.01 -0.07 -0.36
0.03 -0.09 -0.47
0.10 -0.03 -0.15
0.10 -0.09 -0.48
-0.01 -0.16 -0.40
0.08 -0.00 -0.11
-0.06 -0.18 -0.30
0.07 -0.10 -0.37
-0.11 -0.17 -0.14
0.02 -0.13 -0.30
-0.04 -0.10 -0.38
-0.01 -0.03 -0.27
-0.03 -0.21 -0.43
0.00 -0.09 -0.27
-0.07 -0.11 -0.27
0.05 -0.01 -0.09
-0.05 -0.07 -0.38
0.04 0.03 -0.18
-0.02 0.01 -0.17
-0.08 -0.01 -0.61
-0.12 -0.03 -0.16
0.00 -0.00 -0.29
0.04 -0.05 -0.27
0.01 -0.18 -0.76
-0.01 -0.05 -0.19
-0.03 -0.00 -0.01
-0.02 -0.10 -0.42
-0.09 0.22 -0.21
0.17 -0.03 -0.05
-0.02 -0.02 -0.05
-0.16 -0.23 -0.06
0.00 0.04 -0.27
-0.30 -0.15 -0.59
-0.01 -0.23 -0.65
-0.03 0.12 -0.29
-0.04 -0.08 -0.65
0.04 0.00 -0.72
-0.01 -0.06 -0.11
-0.02 -0.21 -0.47
-0.13 -0.06 0.03
-0.01 -0.02 -0.06
0.07 -0.03 -0.22
-0.04 -0.18 -0.67
0.00 0.12 -0.42
0.00 0.00 -0.43
-0.08 0.22 -0.26
-0.14 -0.09 -0.10
0.08 0.01 -0.08
0.07 -0.13 -0.42
-0.04 0.13 -0.10
-0.00 -0.03 -0.21
0.20 -0.04 -0.31
0.11 -0.02 -0.13
-0.05 -0.09 -0.37
0.07 -0.04 -0.23
0.01 -0.12 -0.40
-0.04 -0.11 -0.52
0.01 -0.06 -0.27
-0.15 -0.08 -0.09
-0.01 0.06 -0.20
-0.04 -0.12 -0.37
-0.27 -0.06 -0.08
0.06 -0.08 -0.30
0.00 -0.01 -0.28
0.01 0.03 -0.09
-0.02 -0.15 -0.57
-0.04 -0.07 -0.29
-0.00 -0.25 -0.24
0.01 -0.06 -0.52
0.03 -0.07 -0.40
0.12 0.00 -0.22
0.08 -0.01 -0.16
-0.01 0.05 -0.12
-0.01 -0.06 -0.40
0.10 -0.09 -0.38
0.03 -0.04 -0.31
0.04 -0.02 -0.12
-0.16 -0.09 -0.18
0.01 0.04 -0.11
0.00 -0.02 -0.10
-0.03 -0.06 -0.05
0.00 0.01 -0.16
-0.13 -0.12 -0.37
-0.02 0.08 -0.36
0.00 -0.20 -0.50
0.00 -0.02 -0.07
-0.03 -0.11 -0.39
0.05 -0.11 -0.51
-0.01 -0.14 -0.48
-0.16 -0.11 -0.41
0.03 0.05 -0.51
-0.02 -0.15 -0.46
-0.02 -0.21 -0.58
-0.06 0.23 -0.20
-0.24 -0.10 -0.07
0.02 0.11 0.02
0.02 -0.00 -0.30
-0.01 0.05 -0.11
0.02 -0.07 -0.43
0.05 -0.01 -0.08
0.14 -0.04 -0.16
-0.00 -0.11 -0.41
0.00 -0.09 -0.43
-0.01 -0.03 -0.27
-0.11 -0.02 -0.64
0.01 -0.07 -0.26
0.14 -0.06 -0.45
0.06 0.11 -0.12
0.01 -0.03 -0.25
0.06 -0.07 -0.38
-0.03 -0.03 -0.20
0.01 -0.14 -0.42
-0.00 -0.01 -0.16
-0.02 -0.06 -0.21
-0.09 -0.02 -0.17
0.06 -0.02 -0.21
0.11 0.02 0.07
0.11 -0.05 -0.21
-0.01 -0.02 -0.27
-0.06 0.24 -0.30
-0.00 0.01 -0.02
0.14 -0.01 -0.25
0.08 0.05 -0.50
0.04 0.09 -0.23
0.15 -0.03 -0.12
0.11 -0.08 -0.28
0.02 -0.21 -0.68
0.10 -0.01 -0.10
-0.08 -0.09 -0.62
0.03 -0.01 -0.21
0.00 -0.19 0.05
0.01 -0.09 -0.14
0.09 -0.05 -0.24
0.05 -0.11 -0.70
0.05 0.11 0.02
0.00 -0.00 -0.11
0.00 -0.06 -0.27
0.12 -0.08 -0.23
-0.04 -0.13 -0.44
-0.02 -0.14 -0.32
-0.02 -0.15 -0.45
-0.02 -0.10 -0.44
-0.00 -0.03 -0.38
-0.01 -0.19 -0.46
0.06 0.00 -0.28
-0.01 -0.09 -0.50
0.03 -0.03 -0.23
0.09 -0.05 -0.18
0.07 -0.02 -0.28
-0.07 -0.20 -0.21
-0.00 -0.09 -0.28
0.01 -0.24 -0.61
0.12 0.06 -0.54
0.04 -0.07 -0.35
0.16 -0.04 -0.17
-0.00 -0.09 -0.27
0.10 -0.10 -0.62
-0.00 0.02 -0.10
-0.04 -0.12 -0.38
0.09 -0.26 -0.66
-0.06 -0.04 -0.06
0.03 -0.05 -0.41
0.00 -0.06 -0.26
0.02 -0.11 -0.35
0.00 -0.09 -0.40
0.02 -0.05 -0.38
0.06 -0.03 -0.26
-0.03 -0.24 -0.17
-0.00 -0.15 -0.52
0.01 -0.15 -0.32
-0.02 -0.05 -0.25
0.04 -0.17 0.01
-0.07 -0.02 -0.64
0.07 -0.01 -0.16
-0.06 -0.07 -0.59
0.10 -0.04 -0.24
0.03 -0.12 -0.64
0.01 -0.00 -0.08
-0.05 -0.20 -0.61
0.05 -0.12 -0.69
0.02 -0.01 -0.26
0.03 -0.02 -0.03
0.22 -0.06 -0.15
0.16 -0.08 -0.27
0.02 -0.01 -0.10
-0.03 0.13 -0.24
0.04 0.01 -0.08
0.00 -0.09 -0.42
0.01 -0.11 -0.45
0.01 -0.04 -0.27
-0.03 -0.09 -0.23
0.03 -0.06 -0.28
0.16 -0.05 -0.21
-0.03 0.10 -0.18
-0.21 -0.11 -0.02
0.12 -0.00 -0.22
-0.02 -0.13 -0.50
-0.12 -0.02 -0.03
0.02 -0.13 -0.39
-0.00 -0.05 -0.21
-0.00 -0.06 -0.27
-0.03 -0.07 -0.45
0.15 -0.04 -0.22
0.10 0.04 -0.12
0.09 0.04 -0.26
0.00 -0.05 -0.09
0.07 -0.02 -0.20
-0.01 -0.09 -0.16
0.17 -0.11 -0.47
0.12 -0.19 -0.26
0.04 0.02 -0.54
-0.02 -0.19 -0.63
0.20 -0.02 -0.19
0.11 0.03 -0.16
-0.02 -0.07 -0.23
-0.01 -0.01 -0.21
0.11 0.01 -0.26
0.01 -0.03 -0.16
-0.03 0.07 -0.28
0.06 -0.21 -0.16
-0.02 0.05 -0.31
-0.03 -0.02 0.04
-0.04 -0.16 -0.53
0.04 0.07 -0.19
0.04 -0.01 -0.07
0.04 -0.06 -0.34
-0.01 -0.02 -0.06
0.09 -0.05 -0.26
0.03 0.08 -0.19
-0.01 -0.14 -0.47
-0.03 0.10 -0.06
-0.01 -0.02 -0.06
-0.01 -0.02 -0.11
-0.00 0.01 -0.03
0.03 -0.07 -0.18
0.01 -0.01 -0.16
0.02 -0.14 -0.43
-0.09 -0.03 0.00
0.01 -0.06 -0.25
0.13 -0.05 -0.20
0.15 -0.01 -0.05
0.03 0.01 -0.23
0.03 -0.23 -0.32
0.01 -0.11 -0.33
0.17 -0.04 -0.05
-0.00 -0.11 -0.37
0.00 -0.03 -0.14
-0.02 -0.10 -0.42
0.18 -0.01 -0.28
0.01 -0.06 -0.30
0.04 0.01 -0.42
-0.12 -0.27 -0.13
-0.00 -0.06 -0.30
-0.03 -0.22 -0.39
0.05 -0.04 -0.44
-0.00 0.01 -0.31
-0.02 -0.12 -0.29
0.04 -0.02 -0.14
0.11 -0.06 -0.27
0.01 -0.07 -0.32
0.02 -0.08 -0.33
0.01 -0.06 -0.38
-0.16 -0.20 -0.13
-0.01 -0.06 -0.35
-0.02 -0.16 -0.43
0.01 -0.04 -0.05
0.04 0.01 -0.06
0.10 -0.01 -0.09
0.07 -0.01 -0.04
0.02 -0.13 -0.75
0.02 0.16 -0.38
-0.03 -0.12 -0.41
0.01 -0.07 -0.54
0.01 -0.01 -0.21
-0.05 -0.12 -0.43
-0.03 -0.11 -0.44
0.00 -0.17 -0.52
0.09 0.01 -0.12
0.12 -0.01 -0.11
-0.09 -0.12 -0.39
-0.03 -0.17 -0.59
0.04 -0.03 -0.29
0.00 0.02 -0.12
0.04 0.05 -0.22
0.13 0.13 -0.09
0.02 -0.11 -0.32
0.05 -0.07 -0.18
0.02 -0.02 -0.21
0.03 -0.16 -0.72
0.16 -0.02 -0.08
0.02 -0.02 -0.26
-0.02 -0.11 -0.39
0.15 0.01 0.00
0.03 -0.01 -0.09
0.02 -0.11 -0.47
0.10 -0.04 -0.44
0.12 -0.04 -0.19
0.03 -0.05 -0.28
-0.02 -0.06 -0.19
0.01 -0.02 -0.08
0.07 -0.10 -0.47
0.12 -0.01 -0.04
0.11 -0.02 0.05
0.10 -0.14 -0.34
0.07 0.03 -0.45
-0.14 -0.11 -0.45
0.00 -0.06 -0.21
0.01 -0.03 -0.33
-0.01 -0.06 -0.28
0.21 -0.03 -0.19
0.15 -0.03 -0.17
-0.03 -0.01 -0.22
-0.00 -0.12 -0.44
-0.07 0.20 -0.23
0.07 -0.06 -0.26
-0.19 -0.05 -0.04
0.01 -0.11 -0.48
0.13 -0.08 -0.33
0.17 -0.03 -0.31
-0.07 -0.13 -0.41
0.01 0.04 -0.08
0.08 -0.01 -0.18
0.12 -0.14 -0.34
-0.02 0.09 -0.35
-0.23 -0.17 -0.14
0.06 -0.05 -0.29
0.01 -0.15 -0.71
0.01 -0.09 -0.54
0.00 -0.02 -0.23
-0.01 0.01 -0.17
0.09 -0.05 -0.24
0.12 -0.01 -0.11
-0.01 -0.05 -0.38
-0.01 -0.10 -0.46
0.10 -0.27 -0.66
0.01 -0.09 -0.39
-0.03 -0.14 -0.51
-0.00 0.04 -0.16
0.07 -0.07 -0.26
0.04 0.12 -0.41
-0.07 -0.13 -0.52
0.01 0.05 -0.15
-0.01 0.01 -0.28
-0.03 -0.09 -0.34
0.06 -0.06 -0.29
0.03 -0.15 -0.76
-0.17 -0.14 -0.47
0.07 -0.05 -0.28
0.10 -0.06 -0.29
-0.13 -0.24 -0.71
-0.01 -0.06 -0.27
0.13 0.02 -0.19
0.13 -0.04 -0.19
0.01 -0.12 -0.50
-0.24 -0.11 -0.15
0.04 -0.28 -0.39
0.03 -0.06 -0.30
0.13 -0.03 -0.25
0.12 -0.06 -0.24
-0.01 -0.09 -0.37
-0.08 -0.19 -0.20
0.00 -0.07 -0.30
-0.02 -0.03 -0.06
0.04 -0.24 -0.34
0.08 -0.03 -0.18
0.12 -0.14 -0.47
0.05 -0.07 -0.66
0.01 -0.01 -0.09
0.03 -0.05 -0.22
0.03 -0.17 -0.33
-0.00 -0.11 -0.48
-0.01 -0.13 -0.20
0.09 -0.00 -0.08
0.03 0.04 0.04
0.08 -0.01 -0.06
-0.01 -0.06 -0.16
-0.03 0.08 -0.30
-0.03 -0.07 -0.34
0.04 -0.02 -0.24
-0.02 0.02 -0.42
-0.02 -0.07 -0.08
-0.17 -0.02 -0.20
0.14 -0.05 -0.29
-0.01 -0.06 -0.36
0.01 -0.09 -0.58
0.19 -0.01 -0.04
0.04 -0.03 -0.30
0.00 -0.12 -0.71
0.11 -0.16 -0.22
-0.18 -0.15 -0.06
-0.02 -0.04 -0.28
0.02 -0.05 -0.51
0.14 -0.06 -0.34
0.10 0.01 -0.18
0.00 -0.01 -0.06
0.00 -0.19 -0.44
0.05 -0.06 -0.39
-0.06 -0.11 -0.45
0.02 -0.03 -0.30
0.18 -0.04 -0.21
0.01 -0.08 -0.38
0.06 -0.08 -0.30
0.00 0.01 -0.22
0.00 -0.23 -0.66
0.04 0.14 0.17
-0.10 -0.13 -0.53
0.01 0.06 -0.19
-0.00 0.01 -0.08
-0.20 0.02 -0.10
0.15 -0.23 -0.59
0.05 -0.11 -0.54
-0.00 0.12 -0.37
0.13 -0.00 -0.34
0.10 -0.06 -0.32
0.04 -0.05 -0.31
0.02 0.01 -0.09
0.03 0.01 -0.07
-0.01 0.03 -0.21
-0.08 -0.05 -0.41
-0.07 -0.13 -0.35
-0.00 -0.04 -0.25
0.04 -0.15 -0.40
0.08 -0.07 -0.36
-0.21 -0.15 -0.09
0.07 -0.05 -0.28
-0.02 -0.08 -0.35
0.02 -0.04 -0.39
0.00 -0.02 -0.21
-0.00 -0.21 -0.67
0.15 -0.04 -0.21
0.02 -0.02 -0.27
0.01 -0.05 -0.26
-0.10 -0.03 -0.09
0.07 0.08 0.12
0.11 0.03 -0.46
0.03 -0.08 -0.33
0.01 -0.14 -0.27
0.06 -0.05 -0.21
-0.06 -0.06 -0.35
0.01 -0.10 -0.62
-0.01 -0.11 -0.41
0.04 -0.07 -0.31
0.03 -0.06 -0.28
0.08 -0.06 -0.23
-0.00 -0.12 -0.35
0.12 0.02 -0.03
-0.23 -0.05 -0.18
0.16 -0.01 -0.20
-0.07 -0.08 -0.60
-0.00 -0.15 0.05
0.07 0.06 0.01
-0.12 -0.02 -0.11
-0.02 -0.09 -0.41
0.05 -0.17 -0.67
-0.07 -0.07 -0.09
0.12 -0.03 -0.17
0.07 -0.11 -0.24
-0.03 -0.08 -0.33
-0.03 -0.09 -0.37
0.11 0.01 0.07
0.08 -0.11 -0.37
-0.01 0.08 -0.20
0.01 -0.17 -0.38
-0.01 -0.11 -0.35
-0.00 0.06 -0.15
0.15 -0.14 -0.36
0.03 -0.10 -0.37
0.02 -0.18 -0.48
-0.02 -0.07 -0.29
-0.01 0.01 -0.64
0.10 -0.05 -0.21
0.05 0.00 -0.04
0.15 -0.01 -0.39
-0.24 -0.21 -0.65
-0.01 -0.05 -0.18
0.00 -0.08 -0.27
0.14 -0.01 -0.12
0.01 -0.16 -0.77
-0.06 -0.10 -0.49
0.02 -0.10 -0.43
-0.07 -0.19 -0.15
0.15 -0.04 -0.19
-0.00 -0.02 -0.11
-0.00 -0.04 -0.21
-0.01 -0.04 -0.17
0.02 -0.13 -0.30
-0.00 0.03 -0.20
0.03 -0.16 -0.42
0.00 -0.03 -0.18
0.04 -0.13 -0.45
0.20 -0.01 -0.18
0.14 -0.04 -0.24
-0.08 -0.06 -0.10
-0.17 -0.15 -0.27
0.00 -0.05 -0.11
-0.16 -0.10 -0.39
0.11 0.10 -0.44
-0.04 -0.03 -0.56
0.01 -0.05 -0.23
0.02 0.02 -0.18
0.06 -0.09 -0.28
0.11 -0.07 -0.32
0.03 0.02 -0.18
0.05 0.14 -0.43
-0.04 -0.26 -0.25
0.01 -0.03 -0.10
0.12 0.02 -0.22
0.03 -0.02 -0.21
0.03 -0.27 -0.38
-0.03 -0.23 -0.64
-0.01 -0.21 0.03
0.07 0.01 -0.18
0.08 0.04 -0.09
0.11 -0.04 -0.14
-0.08 -0.13 -0.57
0.02 -0.07 -0.28
0.10 -0.07 -0.32
0.01 -0.03 -0.32
0.01 -0.05 -0.27
0.03 -0.11 -0.37
0.09 -0.13 -0.27
0.00 -0.29 -0.69
0.05 0.01 -0.15
0.13 0.04 -0.18
0.05 -0.06 -0.76
-0.03 -0.23 -0.67
0.04 -0.03 -0.30
-0.21 -0.15 -0.03
0.06 -0.05 -0.22
0.02 -0.12 -0.20
-0.04 -0.19 -0.45
-0.11 -0.08 0.14
-0.01 -0.11 -0.25
-0.05 -0.09 -0.42
0.02 -0.02 -0.03
-0.07 -0.08 -0.29
-0.01 0.10 -0.32
0.18 -0.03 -0.20
0.13 0.01 -0.04
-0.08 -0.17 -0.65
0.03 -0.06 -0.40
0.15 -0.04 -0.27
0.06 0.01 -0.18
-0.03 -0.11 -0.34
0.02 -0.11 -0.37
0.09 -0.04 -0.13
-0.03 -0.12 -0.61
-0.10 -0.14 -0.41
-0.02 -0.11 -0.42
-0.01 -0.11 -0.42
-0.04 -0.08 -0.34
0.12 -0.18 -0.24
0.02 -0.25 -0.34
0.00 0.03 -0.20
0.07 -0.06 -0.39
0.06 0.02 -0.42
0.01 -0.03 -0.31
0.08 0.02 -0.10
-0.09 -0.10 -0.14
-0.00 -0.09 -0.37
0.03 -0.02 -0.07
0.03 -0.12 -0.46
0.00 -0.04 -0.11
0.00 0.21 -0.39
-0.02 0.02 -0.11
-0.02 -0.11 -0.42
-0.01 -0.21 -0.66
0.20 -0.04 -0.19
-0.01 0.04 -0.09
0.02 -0.14 -0.36
-0.02 0.10 -0.33
-0.06 -0.12 -0.39
0.09 -0.01 -0.03
0.15 -0.11 -0.34
-0.01 -0.03 -0.18
0.00 -0.08 -0.18
0.10 -0.02 -0.16
0.09 -0.09 -0.47
0.07 -0.01 -0.20
0.12 -0.19 -0.26
-0.00 -0.13 -0.64
0.01 -0.09 -0.30
0.01 -0.11 -0.19
0.13 -0.07 -0.36
0.12 -0.01 -0.33
0.07 -0.04 -0.35
0.12 0.06 -0.33
0.02 -0.03 -0.21
-0.01 0.06 -0.04
0.00 -0.16 -0.19
-0.01 -0.10 -0.26
0.02 -0.05 -0.38
0.01 -0.09 -0.45
0.00 -0.09 -0.38
-0.00 -0.09 -0.13
-0.01 -0.01 -0.07
-0.04 -0.02 -0.32
-0.10 -0.08 -0.27
0.09 -0.03 -0.17
-0.20 -0.07 0.01
0.09 -0.09 -0.37
0.09 -0.01 -0.04
-0.05 -0.09 -0.47
0.01 0.05 0.03
0.02 -0.01 -0.13
-0.12 -0.26 -0.05
-0.17 -0.02 -0.04
-0.00 -0.06 -0.47
0.19 -0.08 -0.24
0.11 -0.01 0.02
-0.03 0.05 -0.36
0.01 0.04 -0.10
-0.01 -0.04 -0.16
0.01 0.13 -0.31
0.02 -0.14 -0.28
0.10 -0.02 -0.18
0.11 0.00 -0.19
0.13 0.02 -0.20
-0.02 -0.08 -0.33
0.02 0.08 -0.02
-0.01 -0.16 -0.41
0.10 0.03 -0.41
0.00 -0.08 -0.30
0.03 0.08 -0.02
-0.03 -0.10 -0.41
-0.09 -0.07 -0.72
0.03 -0.01 -0.26
0.01 -0.15 -0.68
-0.00 -0.16 -0.38
-0.02 -0.11 -0.52
0.08 -0.05 -0.37
0.02 -0.05 -0.26
0.02 -0.05 -0.25
-0.00 -0.05 -0.24
0.00 -0.01 -0.10
0.03 0.14 -0.39
-0.00 -0.01 -0.21
0.12 0.03 0.08
0.10 0.04 -0.25
0.09 -0.03 -0.16
0.06 -0.15 -0.70
0.10 -0.08 -0.25
-0.10 -0.11 -0.44
0.07 -0.09 -0.46
-0.21 -0.15 -0.03
0.02 -0.12 -0.66
0.04 -0.06 -0.52
0.06 -0.16 -0.76
0.06 -0.02 -0.22
-0.01 -0.01 -0.33
-0.01 -0.15 -0.60
0.02 -0.22 -0.26
0.10 -0.05 -0.30
-0.04 -0.06 -0.21
-0.06 -0.06 -0.22
0.03 -0.02 -0.19
-0.05 -0.09 -0.51
0.05 -0.07 -0.30
0.13 -0.01 -0.10
-0.04 -0.14 -0.39
-0.04 -0.22 -0.06
-0.00 -0.10 -0.08
0.21 -0.05 -0.20
0.09 -0.05 -0.29
0.00 -0.16 -0.66
0.07 -0.13 -0.27
0.05 -0.02 -0.08
-0.01 -0.14 -0.42
0.20 -0.00 -0.26
-0.00 -0.03 -0.28
0.01 -0.11 -0.46
0.03 0.02 -0.22
-0.02 0.07 -0.16
-0.02 -0.07 -0.25
0.00 0.25 -0.40
0.01 -0.08 -0.28
0.11 -0.09 -0.29
-0.00 0.06 -0.20
0.01 -0.00 -0.08
0.03 -0.18 -0.39
0.04 -0.07 -0.68
-0.16 -0.03 0.05
0.03 -0.03 -0.43
0.05 -0.05 -0.32
0.05 -0.18 -0.70
-0.10 -0.17 -0.46
0.03 -0.20 -0.66
0.04 0.02 0.07
0.12 0.01 -0.48
0.06 -0.22 -0.45
0.13 0.05 0.12
-0.01 -0.18 -0.25
0.01 -0.01 -0.38
-0.08 -0.07 -0.55
-0.07 -0.10 -0.48
0.01 -0.05 -0.34
0.01 0.04 -0.20
0.01 -0.07 -0.22
-0.02 -0.03 -0.07
0.11 0.02 -0.13
0.02 0.03 -0.40
-0.08 -0.06 -0.21
0.00 -0.04 -0.26
0.01 0.02 -0.12
0.01 -0.10 -0.29
0.07 -0.06 -0.31
0.00 -0.19 -0.46
0.04 0.04 -0.10
0.14 -0.11 -0.28
0.01 0.02 -0.11
-0.03 -0.08 -0.38
0.01 -0.04 -0.27
0.03 0.07 0.03
0.01 -0.22 -0.41
-0.25 -0.13 -0.09
-0.08 -0.11 -0.43
0.07 -0.04 -0.21
-0.01 -0.05 -0.41
0.01 -0.12 -0.48
0.09 -0.00 -0.19
-0.00 -0.10 -0.12
-0.08 -0.10 -0.61
0.12 -0.05 -0.30
-0.01 0.05 -0.08
0.03 -0.03 -0.24
0.10 -0.09 -0.37
-0.16 -0.03 0.05
0.07 0.00 -0.21
-0.02 0.07 -0.29
0.12 0.02 -0.05
0.06 -0.04 -0.44
0.01 -0.13 -0.47
0.22 0.03 -0.40
-0.04 -0.09 -0.32
0.07 0.03 0.06
0.01 -0.11 -0.44
-0.04 -0.09 -0.27
-0.00 -0.09 -0.02
0.07 0.00 -0.21
0.20 -0.02 -0.30
0.06 0.11 -0.14
-0.21 -0.04 -0.00
0.11 -0.13 -0.30
-0.03 0.06 -0.15
0.10 -0.16 -0.53
0.17 0.05 0.00
0.08 -0.00 -0.04
0.02 -0.10 -0.41
0.00 -0.06 -0.35
0.10 -0.05 -0.22
0.02 0.02 -0.15
0.01 -0.22 -0.63
-0.02 0.03 -0.33
0.02 -0.03 -0.28
0.01 -0.14 -0.39
-0.00 -0.09 -0.27
-0.01 -0.22 -0.20
0.05 0.08 0.03
-0.01 -0.02 -0.14
0.03 -0.08 -0.47
-0.02 -0.10 -0.37
0.09 -0.02 -0.31
0.16 0.03 -0.10
-0.00 0.07 0.00
0.04 -0.03 -0.18
0.05 -0.02 -0.13
-0.01 -0.25 -0.66
-0.02 -0.15 -0.60
0.02 0.02 -0.21
0.02 -0.01 -0.27
0.03 -0.10 -0.35
0.04 -0.05 -0.24
-0.01 -0.13 -0.48
-0.02 -0.08 -0.38
0.01 -0.09 -0.38
0.08 -0.03 -0.22
0.00 0.00 -0.27
-0.00 -0.11 -0.46
-0.07 -0.12 -0.40
-0.00 -0.06 -0.25
0.18 -0.03 -0.06
0.14 -0.01 -0.19
-0.01 -0.08 -0.44
0.11 -0.06 -0.24
-0.01 0.01 -0.13
-0.21 -0.09 -0.08
0.02 0.06 -0.19
0.01 0.00 -0.09
0.16 -0.02 -0.20
0.02 0.05 -0.15
0.03 -0.18 -0.38
0.05 0.07 -0.43
-0.00 -0.03 -0.36
-0.16 -0.02 -0.09
0.01 -0.16 -0.47
0.05 -0.02 -0.40
-0.00 -0.02 -0.11
0.00 -0.12 -0.51
0.01 -0.06 -0.31
-0.05 -0.12 -0.38
-0.07 -0.16 -0.46
0.01 -0.10 -0.40
-0.00 -0.05 -0.39
0.04 -0.02 -0.30
0.02 -0.10 -0.48
0.02 -0.02 -0.34
0.02 -0.06 -0.37
0.10 0.03 -0.04
0.00 -0.03 -0.18
0.00 -0.12 -0.45
0.07 0.03 -0.22
-0.00 -0.10 -0.17
-0.15 -0.08 -0.33
0.14 -0.02 -0.35
0.02 -0.06 -0.25
0.12 0.00 -0.15
0.00 -0.01 -0.04
0.06 -0.22 -0.72
0.00 -0.10 -0.31
0.02 -0.11 -0.43
0.03 -0.04 0.05
-0.02 -0.14 -0.37
0.01 -0.04 -0.15
-0.02 -0.09 -0.36
0.11 -0.06 -0.28
-0.02 -0.04 -0.24
-0.18 -0.09 -0.08
0.05 -0.09 -0.31
0.03 -0.07 -0.28
0.04 -0.16 -0.76
-0.12 -0.02 -0.03
0.01 -0.12 -0.42
0.14 -0.04 -0.20
-0.00 -0.05 -0.21
0.05 -0.20 -0.50
0.01 -0.02 -0.27
-0.01 0.14 0.06
0.00 0.00 -0.18
-0.00 -0.00 -0.21
0.13 0.01 -0.45
-0.02 -0.22 -0.07
0.05 -0.19 -0.71
-0.03 -0.10 -0.30
0.01 -0.19 -0.42
-0.16 -0.17 -0.00
-0.01 0.05 -0.08
0.21 0.00 -0.20
0.08 0.02 -0.44
-0.03 -0.00 -0.28
0.08 -0.16 -0.24
0.00 -0.03 -0.08
-0.01 -0.02 -0.39
0.13 -0.14 -0.33
0.02 -0.08 -0.52
0.14 -0.00 -0.22
-0.06 -0.16 -0.40
0.08 -0.12 -0.69
-0.01 0.09 -0.37
0.10 0.03 -0.20
0.09 -0.00 -0.09
-0.04 -0.11 -0.41
-0.01 -0.02 -0.21
0.02 -0.03 -0.38
0.08 -0.05 -0.29
0.00 -0.19 -0.69
0.14 0.02 -0.22
0.03 -0.09 -0.31
0.01 -0.07 -0.24
0.09 -0.05 -0.23
0.11 0.02 -0.18
0.15 -0.04 0.07
-0.03 -0.08 -0.23
0.01 0.01 -0.05
0.08 -0.07 -0.26
0.00 -0.08 -0.48
0.20 -0.03 -0.33
-0.01 -0.14 -0.20
-0.03 -0.22 -0.65
-0.00 -0.02 -0.08
-0.02 -0.11 -0.56
-0.17 -0.18 -0.00
0.10 -0.30 -0.57
0.04 -0.06 -0.34
0.02 -0.11 -0.15
0.02 -0.09 -0.44
-0.01 -0.10 -0.37
0.03 -0.12 -0.49
-0.17 -0.04 -0.05
-0.00 -0.06 -0.30
-0.08 -0.09 -0.40
-0.01 -0.15 -0.61
0.00 -0.04 -0.21
0.20 0.04 -0.39
-0.03 -0.07 -0.22
0.00 -0.12 -0.34
-0.05 -0.12 -0.40
0.18 0.06 -0.09
0.05 0.05 -0.10
-0.01 -0.06 -0.25
0.10 -0.03 -0.24
0.03 0.00 -0.07
0.03 -0.06 -0.34
-0.06 -0.12 -0.41
-0.02 0.07 -0.34
0.01 -0.12 -0.15
0.03 0.03 -0.19
0.00 0.00 -0.10
0.05 0.06 -0.23
0.07 -0.25 -0.26
0.01 -0.08 -0.38
0.03 -0.17 -0.69
0.03 -0.16 -0.49
0.14 -0.30 -0.51
0.12 0.02 -0.19
-0.21 -0.16 -0.58
0.00 -0.01 -0.27
0.17 -0.04 -0.21
0.00 -0.04 -0.59
0.00 -0.12 -0.42
0.02 0.10 -0.19
0.12 -0.00 -0.19
0.00 0.03 -0.17
-0.16 -0.02 -0.03
-0.02 -0.04 -0.14
0.02 -0.03 -0.28
-0.03 -0.02 -0.03
0.09 -0.06 -0.30
0.00 -0.27 -0.53
-0.01 -0.09 -0.46
0.00 -0.04 -0.22
0.19 0.06 -0.44
0.04 -0.08 -0.52
-0.16 -0.17 -0.59
-0.02 -0.10 -0.26
-0.02 -0.14 -0.69
0.02 -0.06 -0.47
0.02 -0.24 -0.65
0.02 -0.12 -0.51
0.00 -0.12 -0.70
-0.01 -0.15 -0.47
0.03 -0.20 -0.45
0.00 -0.03 -0.06
0.01 0.05 -0.20
0.04 0.09 -0.16
-0.00 -0.13 -0.34
-0.14 -0.05 -0.08
0.08 0.13 -0.42
-0.01 -0.05 -0.21
0.08 -0.06 -0.28
-0.22 -0.09 -0.06
-0.20 -0.05 -0.04
0.08 0.01 -0.03
-0.01 0.00 -0.10
0.03 -0.11 -0.48
-0.16 -0.02 -0.06
0.08 -0.11 -0.45
-0.02 0.06 -0.29
-0.02 -0.06 -0.20
0.01 -0.16 -0.45
0.04 -0.05 -0.22
0.02 -0.02 -0.44
0.01 -0.03 -0.18
0.00 -0.09 -0.26
-0.05 0.02 -0.38
0.10 -0.04 -0.24
-0.01 -0.10 -0.28
0.05 0.07 -0.22
0.09 -0.03 -0.18
-0.04 -0.19 -0.50
0.01 -0.01 -0.18
-0.09 -0.16 -0.49
-0.01 -0.07 -0.21
0.04 0.02 -0.06
0.05 -0.10 -0.51
-0.01 -0.08 -0.30
-0.00 -0.06 -0.31
-0.09 -0.06 -0.75
0.22 -0.03 -0.35
-0.15 -0.15 0.03
0.14 -0.02 -0.17
0.04 -0.19 -0.11
-0.03 -0.06 -0.71
-0.03 -0.12 -0.41
-0.19 -0.06 -0.17
0.02 -0.08 -0.41
-0.03 0.02 0.07
-0.02 0.06 -0.33
-0.00 -0.17 -0.47
0.00 0.06 -0.40
-0.21 -0.13 -0.01
0.17 -0.00 -0.13
0.06 -0.09 -0.17
0.03 -0.18 -0.70
-0.00 -0.05 -0.26
-0.10 -0.03 -0.66
0.04 -0.01 -0.10
0.02 -0.08 -0.39
-0.06 0.02 -0.47
-0.02 0.07 -0.25
0.09 -0.06 -0.28
-0.01 -0.13 -0.41
0.01 -0.05 -0.22
-0.06 -0.16 -0.42
0.02 0.04 -0.18
0.00 -0.08 -0.31
-0.10 -0.08 -0.12
0.17 -0.04 -0.20
0.03 -0.14 -0.42
0.07 -0.06 -0.29
0.08 -0.05 -0.25
0.11 -0.21 -0.23
0.00 -0.06 -0.60
-0.05 -0.05 -0.57
-0.01 -0.09 -0.32
-0.05 -0.07 -0.29
0.12 -0.04 -0.20
0.03 -0.06 -0.31
-0.08 -0.11 -0.48
0.08 -0.08 -0.29
-0.02 -0.08 0.05
-0.01 -0.10 -0.50
0.02 -0.10 0.02
-0.13 -0.02 -0.08
0.12 -0.04 -0.21
0.05 -0.00 -0.14
-0.05 -0.14 -0.43
0.02 -0.06 -0.21
-0.01 -0.16 -0.25
0.04 0.05 -0.18
-0.04 -0.25 -0.17
-0.01 0.01 -0.07
-0.08 -0.06 -0.59
0.10 -0.02 -0.17
-0.01 -0.05 -0.24
-0.00 -0.14 -0.29
0.05 -0.21 -0.69
0.02 0.02 -0.24
-0.01 -0.16 -0.04
0.01 -0.06 -0.29
0.08 -0.04 -0.21
-0.02 -0.05 -0.50
-0.03 -0.05 -0.30
-0.03 -0.11 -0.45
-0.00 -0.04 -0.18
-0.06 -0.17 -0.45
-0.01 -0.12 -0.33
0.03 -0.08 -0.38
-0.00 -0.07 -0.46
0.06 -0.07 -0.32
0.04 0.05 -0.44
0.25 -0.01 -0.45
0.04 -0.01 -0.25
-0.02 -0.09 -0.42
0.11 -0.17 -0.26
0.13 0.06 -0.14
0.25 0.02 -0.37
0.03 -0.14 -0.26
0.02 -0.11 -0.22
0.02 -0.03 -0.73
-0.07 -0.15 -0.46
-0.02 -0.13 -0.42
0.00 -0.04 -0.18
0.05 -0.14 -0.33
-0.07 -0.08 -0.08
0.10 -0.01 -0.48
0.10 -0.02 -0.19
0.03 -0.08 -0.44
-0.10 -0.12 -0.54
-0.06 0.14 -0.18
0.01 -0.12 -0.07
0.02 0.03 -0.05
-0.00 -0.02 -0.06
-0.02 0.07 -0.08
0.05 -0.21 -0.75
0.17 -0.10 -0.28
0.04 -0.07 -0.27
0.06 -0.05 -0.16
0.05 -0.16 -0.78
0.01 -0.08 -0.38
-0.03 -0.11 -0.41
0.15 -0.01 -0.17
0.11 -0.03 -0.32
0.05 0.05 -0.10
0.08 -0.05 -0.26
-0.03 -0.19 -0.44
0.02 -0.12 -0.70
-0.00 0.05 0.02
0.02 -0.15 -0.71
-0.00 -0.06 -0.23
0.01 -0.04 -0.27
0.11 -0.09 -0.26
-0.03 -0.01 -0.31
0.02 -0.10 -0.43
0.00 -0.12 -0.45
0.01 0.03 -0.17
-0.01 0.00 -0.11
0.03 0.00 -0.24
0.04 0.03 -0.04
0.12 -0.17 -0.34
0.01 -0.11 -0.46
-0.08 -0.02 -0.03
-0.01 -0.12 -0.47
-0.00 0.01 -0.29
0.11 -0.28 -0.60
0.02 -0.20 -0.68
-0.04 -0.21 -0.11
0.05 -0.01 -0.39
0.02 0.01 -0.09
0.07 -0.02 -0.05
0.03 0.02 -0.07
0.00 -0.15 -0.40
-0.08 -0.18 -0.67
0.04 -0.09 -0.55
0.04 -0.10 -0.40
0.11 -0.02 -0.13
0.08 -0.08 -0.47
-0.00 -0.19 -0.52
-0.02 -0.19 -0.58
-0.03 -0.05 -0.06
0.04 -0.09 -0.45
-0.00 0.01 -0.10
0.14 -0.03 -0.19
0.22 0.03 -0.37
0.16 -0.16 -0.50
-0.01 -0.11 -0.62
0.05 -0.01 -0.10
-0.01 -0.03 -0.14
-0.01 -0.02 -0.14
-0.01 -0.19 -0.57
-0.06 -0.12 -0.42
-0.04 -0.15 -0.43
0.03 -0.12 -0.50
0.04 -0.09 -0.41
0.02 -0.04 -0.29
0.00 0.01 -0.16
-0.02 -0.15 -0.42
0.03 -0.01 -0.21
0.13 0.04 -0.05
-0.04 -0.03 -0.19
0.10 -0.02 -0.11
0.01 -0.03 -0.10
-0.00 -0.03 -0.22
-0.08 -0.15 -0.45
-0.00 -0.04 -0.19
0.15 0.00 -0.11
0.01 0.05 -0.25
-0.00 -0.01 -0.10
-0.02 0.08 -0.44
-0.01 0.05 -0.09
0.03 -0.06 -0.46
0.01 -0.02 -0.22
-0.02 -0.21 -0.37
0.01 -0.07 -0.37
0.01 -0.06 -0.34
0.01 -0.14 -0.41
-0.03 -0.17 -0.64
-0.02 -0.04 -0.39
-0.20 -0.04 -0.32
-0.00 -0.04 -0.38
0.07 -0.05 -0.19
0.09 0.03 -0.04
0.10 -0.20 -0.49
-0.01 -0.05 -0.31
0.03 -0.13 -0.42
-0.01 0.08 -0.19
0.01 -0.04 -0.25
0.09 -0.00 -0.19
-0.05 -0.11 -0.53
0.01 -0.04 -0.18
-0.03 -0.06 -0.50
0.00 -0.19 -0.65
-0.09 -0.05 0.07
-0.04 -0.07 -0.29
0.01 -0.09 -0.46
0.12 -0.02 -0.12
0.01 -0.01 -0.35
-0.00 -0.04 -0.12
0.06 -0.24 -0.01
0.02 -0.09 -0.77
0.01 -0.15 -0.69
-0.02 -0.03 -0.22
0.02 -0.07 -0.41
-0.01 0.01 -0.23
0.10 -0.02 -0.19
0.02 -0.07 -0.48
0.06 0.00 -0.05
-0.06 0.21 -0.31
-0.06 -0.14 -0.57
0.09 -0.11 -0.46
0.01 -0.22 -0.54
0.11 -0.06 -0.27
-0.09 -0.07 -0.74
-0.05 -0.17 -0.64
-0.00 -0.04 -0.33
-0.00 0.08 -0.41
-0.03 -0.11 -0.43
0.05 -0.11 -0.37
0.10 -0.05 -0.20
-0.02 -0.12 -0.42
-0.05 -0.14 -0.49
0.04 0.03 -0.40
-0.01 -0.09 -0.25
-0.00 -0.10 -0.34
0.10 0.07 -0.13
-0.03 -0.10 -0.42
0.10 -0.05 -0.24
0.05 -0.02 -0.45
-0.07 -0.13 -0.16
0.06 -0.10 -0.49
0.07 -0.09 -0.46
0.03 -0.13 0.03
0.02 0.03 -0.18
0.09 -0.01 -0.17
-0.01 0.05 -0.12
-0.09 -0.13 -0.58
0.04 -0.02 -0.08
0.13 -0.21 -0.55
0.02 0.01 -0.29
-0.02 -0.03 -0.13
-0.06 -0.13 -0.41
0.06 0.00 -0.16
-0.06 -0.07 -0.33
0.13 -0.03 -0.13
0.06 -0.12 -0.36
0.07 -0.00 -0.06
0.03 -0.03 -0.27
-0.01 -0.07 -0.32
0.04 -0.04 -0.27
-0.06 -0.04 -0.64
0.07 -0.05 -0.28
0.01 -0.02 -0.19
0.13 -0.05 -0.26
0.03 -0.01 -0.22
0.04 -0.00 -0.51
0.01 -0.01 -0.07
-0.20 -0.08 -0.02
0.05 0.04 0.07
-0.00 -0.02 -0.17
0.08 0.02 0.07
0.04 0.01 -0.16
0.09 0.00 -0.18
-0.03 -0.06 -0.33
0.00 -0.14 -0.60
-0.01 -0.01 -0.28
-0.05 -0.08 -0.21
0.16 0.02 0.02
0.04 -0.06 -0.27
-0.01 0.01 -0.36
0.14 -0.04 -0.24
0.00 -0.11 -0.43
0.02 -0.01 -0.14
-0.05 -0.22 -0.69
0.01 -0.07 -0.25
0.01 -0.00 -0.19
0.04 -0.03 -0.22
0.16 0.11 -0.40
0.05 -0.12 -0.44
0.06 0.10 -0.48
0.09 -0.03 -0.13
0.05 -0.22 0.05
0.06 -0.07 -0.29
-0.01 -0.02 -0.06
0.03 -0.02 -0.28
0.03 -0.11 -0.40
0.08 -0.03 -0.21
0.13 -0.01 -0.17
0.01 -0.14 -0.35
0.05 -0.04 -0.20
0.02 -0.02 -0.24
-0.02 -0.16 -0.49
-0.00 -0.13 0.04
0.01 -0.14 -0.72
-0.02 -0.02 -0.05
-0.19 -0.09 -0.47
-0.06 0.14 -0.21
-0.01 -0.02 -0.33
-0.00 -0.07 -0.14
0.19 -0.04 -0.18
-0.01 -0.12 -0.44
0.05 -0.05 -0.68
-0.05 -0.17 -0.45
0.17 -0.02 -0.34
-0.07 -0.15 -0.39
0.04 -0.08 -0.40
-0.04 -0.07 -0.22
0.01 -0.10 -0.42
0.02 -0.13 -0.31
0.07 0.02 -0.13
0.05 -0.04 -0.19
0.12 0.01 -0.27
-0.05 -0.23 -0.10
-0.02 -0.19 -0.65
0.01 -0.04 -0.22
-0.05 -0.16 -0.74
-0.02 -0.15 -0.42
0.00 -0.12 -0.45
-0.00 -0.02 -0.10
-0.14 -0.03 -0.20
-0.02 -0.03 -0.05
0.00 0.01 -0.19
0.02 0.02 -0.18
0.13 -0.10 -0.22
0.10 0.03 0.01
-0.01 -0.11 -0.45
-0.00 -0.06 -0.22
-0.01 -0.10 -0.39
0.01 0.04 -0.18
-0.04 -0.11 -0.38
0.01 -0.10 -0.20
-0.02 -0.12 -0.48
0.01 -0.03 -0.27
0.15 -0.02 -0.18
0.05 -0.18 -0.77
0.04 -0.06 -0.30
0.07 -0.04 -0.19
0.02 -0.14 -0.68
0.01 -0.12 -0.47
0.11 -0.01 -0.13
0.02 0.04 -0.18
0.06 -0.19 -0.39
0.03 -0.01 -0.05
0.06 -0.00 -0.03
-0.04 -0.09 -0.37
0.02 -0.12 -0.36
-0.02 -0.10 -0.42
0.07 -0.08 -0.25
0.09 0.04 -0.19
0.06 -0.04 -0.20
-0.10 -0.09 -0.07
0.00 -0.06 -0.21
0.18 -0.03 -0.20
-0.02 -0.05 -0.22
-0.13 -0.10 -0.41
-0.04 -0.11 -0.44
0.04 -0.20 0.08
-0.03 -0.07 -0.23
-0.04 -0.10 -0.41
0.09 -0.04 -0.47
0.20 -0.05 -0.21
0.00 -0.07 -0.17
0.02 -0.04 -0.25
0.04 -0.08 -0.31
0.00 0.01 -0.09
-0.05 -0.04 -0.10
0.01 -0.14 -0.13
-0.20 -0.18 -0.04
-0.07 -0.09 -0.46
0.03 -0.17 -0.69
-0.02 0.10 -0.10
-0.18 -0.10 -0.27
0.12 -0.22 -0.51
-0.13 -0.03 -0.20
-0.02 -0.03 -0.18
0.00 -0.11 -0.25
0.18 -0.01 -0.18
0.03 -0.11 -0.38
-0.00 0.09 0.04
-0.15 -0.02 -0.18
0.14 0.02 -0.29
-0.01 -0.10 -0.24
-0.09 -0.07 0.05
-0.00 -0.23 0.03
0.03 -0.06 -0.75
-0.01 0.03 -0.16
0.01 -0.05 -0.35
-0.01 -0.02 -0.30
0.11 -0.05 -0.22
0.05 -0.05 -0.34
0.03 0.02 -0.16
-0.05 -0.00 -0.02
-0.15 -0.10 -0.16
-0.01 -0.06 -0.16
-0.02 -0.06 -0.23
0.13 0.01 -0.04
0.01 -0.07 -0.41
-0.02 -0.13 -0.38
0.22 -0.03 -0.19
-0.02 -0.13 -0.17
0.07 -0.06 -0.35
-0.02 -0.11 -0.33
0.03 -0.05 -0.13
0.02 -0.06 -0.34
0.10 -0.01 -0.53
0.07 -0.15 -0.21
-0.02 -0.09 -0.55
-0.00 -0.07 -0.40
0.09 -0.00 -0.18
0.09 -0.15 -0.33
0.04 -0.07 -0.32
-0.09 0.00 -0.13
0.00 -0.04 -0.21
0.11 -0.05 -0.22
0.09 -0.03 -0.16
-0.08 -0.00 -0.56
-0.03 -0.09 -0.23
0.08 -0.00 -0.20
0.01 -0.08 -0.32
0.14 -0.03 -0.19
0.12 -0.05 -0.22
0.00 -0.20 -0.66
0.10 -0.08 -0.38
0.23 -0.05 -0.14
-0.03 -0.12 -0.48
0.05 -0.06 -0.29
0.01 -0.04 -0.36
-0.04 -0.09 -0.31
-0.02 0.04 -0.27
-0.07 -0.05 -0.22
0.04 -0.11 -0.71
-0.04 -0.24 -0.23
0.01 -0.09 -0.44
0.01 0.09 -0.44
0.06 0.02 -0.18
0.01 -0.17 0.13
0.12 -0.20 -0.21
0.02 -0.18 -0.16
-0.14 -0.18 -0.49
0.13 -0.04 -0.21
-0.19 -0.08 -0.01
0.01 -0.05 -0.31
0.07 -0.02 -0.18
0.01 -0.02 -0.15
0.03 -0.05 -0.24
-0.03 -0.15 -0.40
-0.03 -0.14 0.00
0.03 -0.08 -0.42
0.01 -0.05 -0.10
0.05 -0.05 -0.22
-0.02 0.04 0.03
-0.01 -0.19 -0.64
0.15 -0.04 -0.20
-0.02 -0.08 -0.23
0.01 -0.07 -0.29
0.14 -0.06 -0.30
-0.06 -0.04 -0.21
0.11 -0.04 -0.19
0.00 -0.18 -0.20
-0.03 -0.15 -0.41
0.03 -0.10 -0.41
0.06 -0.17 -0.77
-0.01 -0.13 -0.41
0.10 -0.06 -0.37
0.14 -0.01 -0.11
0.18 -0.04 -0.27
0.14 -0.02 -0.12
0.17 0.04 -0.17
-0.00 -0.04 -0.31
-0.17 -0.26 -0.66
-0.02 0.07 -0.12
0.08 -0.15 -0.41
0.03 -0.14 -0.71
0.09 0.01 -0.19
-0.00 -0.07 -0.19
0.03 -0.03 -0.11
-0.04 -0.15 -0.45
0.02 -0.05 -0.31
0.03 -0.05 -0.46
0.09 -0.01 -0.15
0.04 -0.01 -0.22
0.01 -0.10 -0.46
0.13 0.00 -0.39
-0.04 -0.04 -0.19
0.16 -0.01 0.07
-0.00 -0.02 -0.32
0.12 -0.06 -0.28
-0.01 -0.15 -0.48
0.01 -0.08 -0.17
0.02 -0.19 -0.69
0.08 -0.04 -0.25
0.13 -0.01 0.03
0.08 -0.22 -0.68
0.09 -0.01 -0.15
0.01 -0.07 -0.37
0.16 -0.02 -0.34
-0.03 -0.15 -0.52
0.03 -0.04 -0.36
0.06 -0.04 -0.22
-0.03 -0.18 -0.02
-0.00 -0.00 -0.19
0.07 -0.06 -0.65
-0.00 -0.07 -0.23
-0.01 -0.12 -0.14
0.01 -0.06 -0.25
0.07 -0.05 -0.26
0.06 0.11 -0.06
0.01 -0.05 -0.24
-0.17 -0.17 -0.49
0.01 -0.02 -0.17
0.11 -0.08 -0.41
-0.01 -0.07 -0.29
0.01 -0.14 -0.47
0.00 -0.19 -0.66
0.01 -0.02 -0.28
0.03 0.05 -0.13
0.02 -0.20 0.05
-0.02 -0.06 -0.24
0.05 -0.03 -0.34
0.03 -0.05 -0.29
0.01 0.03 -0.19
0.04 -0.20 0.10
0.04 -0.06 -0.29
0.09 -0.05 -0.21
0.06 -0.13 -0.44
0.14 0.01 -0.18
0.05 -0.01 -0.14
-0.03 -0.12 -0.62
0.02 0.10 -0.20
-0.12 -0.03 -0.13
0.04 -0.08 -0.33
-0.01 -0.11 -0.35
0.06 -0.04 0.05
-0.02 -0.22 -0.16
0.00 -0.06 -0.34
0.11 -0.03 -0.20
-0.00 -0.10 -0.25
0.18 0.02 -0.42
0.19 -0.03 -0.18
-0.05 -0.16 -0.50
0.00 -0.07 -0.28
-0.02 -0.10 -0.38
-0.01 -0.08 -0.26
0.09 -0.04 -0.25
-0.02 -0.06 -0.23
-0.01 -0.12 -0.62
0.26 -0.02 -0.24
0.17 -0.22 -0.53
0.10 -0.04 -0.21
-0.06 -0.05 -0.55
0.08 -0.03 -0.20
0.01 -0.11 -0.70
-0.02 -0.09 -0.26
-0.01 -0.12 -0.21
0.01 -0.15 -0.26
-0.02 0.06 -0.19
0.07 -0.21 -0.70
0.01 -0.13 -0.07
0.06 -0.07 -0.30
0.10 -0.03 -0.14
0.09 -0.05 -0.26
0.01 -0.10 -0.39
0.06 -0.03 -0.30
0.02 -0.06 -0.34
-0.00 0.04 -0.23
0.10 -0.01 -0.15
0.05 0.09 -0.18
-0.01 -0.10 -0.42
-0.02 0.09 -0.21
0.06 -0.07 -0.34
0.08 -0.18 -0.69
0.08 -0.12 -0.45
-0.14 -0.12 -0.27
0.02 -0.19 -0.57
0.03 -0.05 -0.23
0.10 -0.22 -0.25
0.01 -0.12 -0.40
0.23 -0.02 -0.17
0.00 -0.20 -0.75
0.11 -0.04 -0.28
0.04 -0.10 -0.47
0.15 -0.02 0.02
-0.03 -0.11 -0.44
-0.01 -0.08 -0.23
0.01 0.10 -0.40
0.02 -0.09 -0.40
-0.11 -0.08 -0.74
0.13 -0.01 -0.09
-0.16 -0.05 -0.26
0.04 -0.08 -0.31
-0.09 -0.14 -0.54
0.10 -0.03 -0.30
-0.05 -0.24 -0.11
0.14 -0.04 -0.17
-0.01 -0.10 -0.43
0.07 -0.03 -0.24
-0.01 -0.17 -0.66
0.06 -0.04 -0.39
0.03 -0.11 -0.46
-0.02 -0.08 -0.33
-0.00 -0.04 -0.22
-0.02 0.02 -0.18
0.02 0.12 -0.21
0.05 -0.09 -0.57
0.00 -0.26 -0.73
-0.00 -0.01 -0.31
0.15 -0.03 -0.22
0.13 -0.13 -0.36
0.12 -0.08 -0.28
0.02 0.05 -0.10
0.00 -0.15 -0.02
0.08 -0.02 -0.21
-0.02 -0.06 -0.30
0.14 -0.04 -0.20
0.08 0.02 -0.16
0.02 0.01 -0.15
-0.00 0.07 -0.10
-0.00 -0.08 -0.26
0.08 0.03 -0.17
-0.03 -0.14 -0.51
0.05 0.06 -0.11
0.01 -0.14 -0.44
-0.05 -0.02 0.00
-0.05 0.22 -0.33
-0.14 -0.15 -0.29
0.09 -0.03 -0.16
0.11 -0.02 -0.20
-0.04 -0.14 -0.61
0.01 0.05 -0.09
0.00 -0.04 -0.17
0.00 -0.12 -0.27
-0.01 -0.02 -0.15
0.01 -0.11 -0.46
-0.00 -0.03 -0.21
0.01 0.04 -0.19
0.02 -0.07 -0.34
-0.00 -0.10 -0.28
0.04 -0.08 -0.35
0.02 -0.01 -0.29
0.04 -0.09 -0.37
-0.19 -0.17 -0.12
-0.00 -0.04 -0.41
0.07 0.03 -0.18
0.04 -0.01 -0.29
-0.00 -0.03 -0.22
-0.04 -0.11 -0.41
-0.00 -0.01 -0.28
0.02 -0.03 -0.27
0.03 -0.09 -0.47
-0.18 -0.10 -0.30
-0.04 0.13 -0.05
0.05 -0.17 -0.72
-0.07 -0.14 -0.31
0.02 0.11 -0.21
-0.02 -0.07 -0.28
-0.00 -0.09 -0.38
0.04 -0.15 -0.39
0.00 -0.06 -0.28
-0.04 -0.10 -0.24
0.07 0.03 -0.03
0.06 0.02 -0.10
0.05 -0.01 -0.08
0.02 0.10 -0.22
0.00 -0.04 -0.10
-0.23 -0.05 -0.29
0.11 -0.08 -0.32
0.06 -0.04 -0.43
-0.05 -0.12 -0.50
0.10 -0.01 -0.11
0.01 -0.19 -0.00
0.12 -0.07 -0.30
0.06 -0.05 -0.29
0.11 -0.04 -0.24
0.04 -0.18 -0.68
-0.01 -0.16 -0.42
0.07 -0.11 -0.46
0.08 0.11 0.18
0.15 -0.04 -0.24
0.07 -0.04 -0.21
0.01 -0.09 -0.14
-0.04 -0.09 -0.23
0.02 0.01 -0.48
-0.00 -0.02 -0.27
0.11 -0.21 -0.44
0.00 -0.01 -0.03
-0.01 -0.09 -0.30
-0.06 -0.08 -0.46
0.11 -0.03 -0.17
0.03 -0.09 -0.45
0.04 -0.13 -0.75
-0.00 -0.07 -0.18
0.05 -0.06 -0.29
-0.00 -0.10 -0.45
0.04 -0.02 -0.14
0.03 -0.20 -0.39
0.02 -0.16 -0.45
0.10 -0.01 -0.07
0.00 -0.05 -0.13
0.05 -0.02 0.05
-0.02 -0.13 -0.45
0.02 -0.06 -0.24
0.10 0.01 -0.16
-0.05 -0.14 -0.40
0.05 -0.16 -0.27
-0.00 -0.09 -0.23
-0.01 0.02 -0.34
-0.02 0.06 -0.42
0.00 -0.10 -0.39
-0.21 -0.24 -0.06
0.08 -0.06 -0.26
-0.01 -0.07 -0.20
-0.00 -0.06 -0.30
-0.10 -0.08 0.13
-0.01 0.10 -0.37
-0.02 -0.02 -0.26
0.00 -0.07 -0.13
-0.03 -0.01 -0.43
0.05 -0.23 -0.75
0.05 0.03 -0.23
0.16 -0.00 -0.11
0.11 0.03 -0.18
0.06 0.02 -0.41
0.18 -0.27 -0.62
0.09 0.08 -0.06
-0.03 -0.08 -0.31
0.06 -0.08 -0.29
0.01 -0.10 -0.46
0.01 -0.05 -0.02
0.01 -0.06 -0.26
-0.20 -0.04 -0.09
0.00 -0.13 -0.35
-0.07 0.01 -0.58
0.04 -0.07 -0.30
-0.04 -0.14 -0.42
0.06 -0.08 -0.48
-0.01 -0.04 -0.08
-0.00 -0.23 -0.64
-0.01 -0.12 -0.40
0.02 -0.11 -0.40
0.08 -0.01 -0.23
0.00 0.03 -0.14
-0.01 -0.04 -0.14
0.02 -0.13 -0.20
0.09 -0.02 -0.39
-0.01 -0.06 -0.21
0.01 -0.06 -0.52
0.15 -0.04 -0.27
-0.01 -0.04 -0.31
0.02 0.05 -0.07
0.07 -0.10 -0.47
-0.04 -0.22 -0.65
0.01 -0.09 -0.29
0.03 -0.07 -0.30
0.12 -0.17 -0.50
0.02 -0.11 -0.38
0.00 -0.09 -0.45
0.10 0.05 -0.04
-0.02 -0.10 -0.45
-0.24 -0.12 -0.01
0.07 0.06 -0.18
0.05 -0.05 -0.27
0.12 -0.01 -0.51
0.03 -0.13 -0.44
0.07 -0.02 -0.11
-0.01 0.08 -0.19
0.07 -0.08 -0.32
0.00 -0.08 -0.36
0.01 -0.06 -0.24
