342 26 315
267 23 59
5 256 143
113 326 260
339 28 183
113 59 72
180 337 297
301 247 351
237 310 305
69 168 315
166 291 271
131 138 203
75 26 190
175 16 326
274 60 148
21 200 84
120 109 293
110 324 126
269 304 141
146 41 119
67 256 41
25 263 346
65 218 282
68 218 71
70 141 341
173 214 235
51 336 166
81 28 332
148 194 212
295 274 303
49 178 116
306 46 52
200 321 81
277 227 347
184 6 269
326 21 323
258 66 153
262 321 259
172 28 359
59 299 164
322 324 193
29 23 101
69 345 60
16 267 17
155 170 8
267 76 268
74 261 312
283 244 339
277 317 274
283 85 134
162 91 143
256 12 307
222 182 46
132 232 79
335 217 47
255 221 287
257 43 96
211 136 222
298 132 213
41 181 354
155 94 103
2 151 257
9 259 348
301 20 165
22 136 88
117 168 193
163 42 318
112 77 342
233 337 187
117 50 222
69 105 67
298 28 136
170 305 210
4 298 279
325 347 27
182 170 275
292 217 9
121 233 154
146 274 163
33 62 41
249 360 315
111 349 189
335 177 12
100 146 239
112 277 307
354 223 63
50 186 59
39 331 59
7 329 22
207 1 2
85 157 209
349 56 122
303 141 349
127 154 68
197 180 287
287 148 195
275 328 342
197 269 158
25 211 136
319 336 146
205 57 297
169 6 171
114 288 78
113 193 358
219 161 94
166 22 74
12 222 164
98 292 147
142 25 86
199 90 312
335 20 16
69 304 285
122 159 222
296 84 202
334 308 197
251 278 132
146 34 209
210 254 5
161 73 345
266 138 356
286 332 15
142 83 240
159 7 297
291 228 1
322 137 113
293 117 301
7 241 274
125 96 79
99 133 13
261 237 193
159 43 301
294 351 167
294 128 62
283 120 119
155 12 102
229 123 240
220 257 82
23 251 193
308 348 301
136 228 311
43 272 57
198 334 318
48 52 260
256 212 162
332 51 153
355 104 256
250 133 174
12 113 41
221 267 95
65 358 276
65 304 11
130 276 119
123 165 128
314 62 214
53 286 33
78 120 19
193 120 6
192 269 340
2 293 248
124 180 68
144 343 118
51 1 71
172 121 267
196 226 339
9 259 106
18 47 288
267 86 340
153 86 18
287 85 41
225 227 319
18 169 284
53 317 220
24 55 231
3 47 79
292 355 247
329 159 150
98 312 68
54 158 42
269 128 276
76 63 149
220 319 141
279 254 194
178 241 30
200 80 337
321 133 97
13 171 233
344 351 287
173 312 301
147 311 117
89 208 347
329 146 186
65 312 93
220 207 356
57 26 26
51 64 220
231 268 321
9 46 293
150 170 337
119 239 164
222 299 347
117 256 65
339 303 11
305 275 232
182 79 285
265 189 231
110 181 27
322 319 300
72 162 228
115 300 250
32 147 84
29 92 145
265 314 21
271 72 316
18 145 309
0 134 334
279 291 254
212 250 261
144 204 358
156 262 111
344 335 127
98 69 76
194 124 41
250 224 304
249 296 1
47 111 352
235 197 275
128 174 337
334 209 351
197 231 41
237 214 66
298 265 73
61 230 219
96 134 324
123 217 314
180 327 343
207 226 42
3 161 52
173 259 44
326 35 185
299 144 39
152 192 310
285 90 82
157 315 337
141 281 112
133 254 283
267 66 359
117 103 65
79 330 198
96 2 245
318 201 283
40 147 125
310 267 291
12 335 176
169 122 212
320 63 230
241 26 206
356 205 24
240 246 337
151 127 305
109 143 106
39 29 333
239 228 76
158 135 280
349 111 236
93 173 264
288 35 157
312 150 174
62 104 331
329 322 36
72 46 327
68 89 108
69 237 206
292 242 292
43 223 138
3 177 182
251 285 254
280 5 305
124 140 28
278 143 197
302 78 227
73 128 356
348 309 147
246 356 74
261 139 268
226 181 41
336 213 113
121 346 46
112 122 25
355 193 356
106 160 47
42 232 59
153 186 299
48 27 31
80 316 200
319 330 304
231 200 17
276 182 323
20 56 254
30 213 236
318 161 120
1 147 287
155 28 322
90 223 52
157 27 278
19 308 218
78 235 245
326 244 121
175 67 34
281 345 34
198 316 108
137 162 30
277 301 100
87 255 145
146 34 21
173 343 283
75 219 70
110 344 227
194 327 155
143 206 273
0 25 332
175 205 64
200 21 82
329 284 358
273 88 40
143 91 4
5 64 359
235 2 48
178 141 4
282 217 63
192 56 86
183 120 142
229 331 337
46 166 353
117 76 259
313 173 21
287 230 79
289 347 163
257 308 344
30 346 323
212 229 302
101 138 304
148 203 194
141 262 321
225 288 121
299 302 217
326 287 2
89 131 39
214 65 235
205 150 180
141 303 146
287 28 127
89 81 243
33 291 244
173 268 202
159 140 40
75 30 173
101 14 241
91 108 13
99 345 318
212 263 138
87 307 137
143 140 164
289 247 46
125 223 121
16 164 221
341 152 111
75 278 239
206 344 178
164 72 314
187 229 68
148 150 349
11 0 261
333 4 79
140 219 257
334 310 120
235 123 33
244 158 90
264 160 192
26 0 6
311 6 200
131 32 107
35 142 207
252 270 226
26 321 49
145 10 339
349 299 316
87 112 179
78 293 97
105 325 152
256 260 323
260 323 106
164 343 75
356 179 209
45 279 45
50 67 344
202 87 110
192 329 54
1 258 35
144 23 73
224 246 66
167 131 121
42 28 356
81 209 280
201 319 220
226 234 253
50 26 292
173 9 278
258 355 168
41 177 207
83 250 125
18 242 97
326 205 142
84 182 115
102 337 315
253 341 317
134 130 258
165 26 342
247 68 19
312 144 137
243 5 175
251 267 32
221 236 96
241 302 110
146 175 230
60 231 354
281 338 285
287 289 199
298 114 105
72 319 70
189 29 66
217 0 193
47 2 274
340 340 155
252 79 312
332 51 71
136 126 88
334 147 278
70 43 14
311 72 150
39 218 199
14 356 286
25 101 44
233 200 40
40 245 329
37 1 41
223 354 251
46 143 52
114 315 265
2 177 346
349 182 97
325 164 301
261 133 312
96 83 42
308 34 252
71 127 16
176 32 336
125 15 192
192 76 34
344 49 133
307 260 62
237 56 239
135 264 100
257 138 255
225 25 0
183 29 310
279 13 96
42 268 238
298 250 143
158 256 88
344 53 342
40 297 196
56 26 181
42 100 256
100 284 340
295 45 324
127 155 209
38 32 256
310 228 226
143 43 327
339 271 121
163 341 8
18 30 29
252 319 274
328 336 156
337 232 96
203 105 69
228 117 36
301 27 198
6 109 243
8 201 17
253 276 354
266 103 61
58 24 39
278 359 180
202 159 275
295 163 164
352 54 110
184 92 250
49 123 219
138 236 86
340 258 138
26 314 82
201 111 310
117 125 271
291 167 114
299 284 293
350 11 261
355 271 157
151 287 170
165 322 293
124 205 73
122 320 238
286 91 55
58 94 16
309 172 23
241 221 49
130 144 250
192 346 81
34 89 287
206 15 165
15 204 54
46 137 261
92 169 339
114 130 68
189 223 78
347 89 263
220 180 80
268 278 186
169 336 286
173 140 302
202 68 298
350 178 105
342 130 40
129 162 263
353 116 120
289 168 30
263 3 90
98 359 101
287 0 344
284 266 352
67 298 282
345 57 155
214 61 247
226 225 257
232 90 342
46 302 78
318 105 351
315 176 331
243 83 358
277 181 93
338 242 126
123 183 25
205 38 201
31 261 9
161 85 231
331 311 165
65 123 201
56 191 40
312 270 68
357 214 61
2 60 141
108 330 232
195 298 248
104 254 256
332 313 189
242 115 19
147 326 122
320 75 99
47 73 117
214 153 196
30 134 345
33 334 22
272 130 210
325 249 292
180 227 334
7 345 255
270 24 186
92 115 151
316 205 248
249 91 207
92 7 120
339 133 227
337 147 339
259 120 158
328 333 309
345 10 269
144 145 33
243 219 101
113 304 339
6 141 29
194 336 63
83 53 232
281 105 28
292 151 46
295 248 83
252 273 205
77 260 21
53 107 140
273 37 325
248 74 287
230 63 178
121 332 269
104 8 55
214 252 254
242 74 4
68 24 342
84 39 162
38 206 237
323 330 298
61 20 107
355 222 77
235 241 148
278 284 233
257 347 208
65 216 120
215 152 283
9 235 84
27 131 75
276 15 274
254 106 144
326 83 274
229 328 334
140 252 64
175 122 312
289 157 250
234 15 276
257 271 316
216 163 226
272 121 267
144 19 65
202 71 89
62 218 188
199 258 109
13 24 139
200 217 319
324 39 235
197 244 89
131 140 66
290 221 352
183 347 240
222 63 11
351 346 305
315 35 51
163 80 44
226 272 81
20 338 284
74 163 302
350 57 206
247 347 330
9 190 115
353 155 182
249 338 327
78 199 93
241 317 336
89 65 135
142 250 289
1 270 279
193 173 67
333 354 65
98 221 110
188 294 7
217 340 240
274 262 346
187 198 351
38 37 92
36 231 169
358 94 323
338 98 333
156 10 45
295 248 104
215 235 98
341 138 116
190 33 227
45 264 178
198 310 197
62 244 186
5 190 135
331 273 76
297 188 308
76 299 162
280 334 86
304 45 12
292 149 87
218 314 100
267 105 73
6 219 227
135 225 272
127 169 165
42 23 109
293 51 207
311 219 182
190 241 224
248 165 164
92 24 195
236 258 204
294 92 66
214 96 173
90 78 145
29 106 229
268 118 12
253 350 111
319 212 207
13 20 273
26 21 154
116 80 71
106 138 177
111 36 275
246 168 32
155 20 296
244 282 154
154 14 344
273 157 195
105 289 117
286 264 17
39 230 23
125 195 95
170 181 186
233 311 235
20 175 136
356 147 35
127 23 308
117 254 133
190 346 259
65 282 311
125 47 38
77 331 353
27 260 155
341 278 157
54 271 200
28 115 171
179 354 253
292 250 226
244 357 133
301 175 207
312 270 51
340 121 48
197 7 214
211 285 137
268 277 303
155 296 221
220 169 24
143 261 7
15 313 97
171 185 312
58 101 260
214 223 358
65 172 326
156 77 167
281 342 207
201 233 249
312 171 7
282 185 10
342 320 345
341 219 191
53 330 299
119 97 48
36 329 193
350 10 347
26 131 301
79 69 124
330 36 345
210 252 81
148 16 21
305 21 276
113 273 0
3 128 105
303 333 183
22 284 300
225 176 143
152 233 152
207 233 202
345 122 1
96 196 344
212 250 310
268 323 15
134 20 348
40 229 317
90 214 293
276 264 323
347 297 264
105 61 347
344 35 174
313 326 132
215 172 274
164 132 55
90 296 239
244 87 12
298 82 198
206 227 175
313 95 195
210 213 160
142 138 352
144 214 54
62 33 223
314 132 220
122 243 215
58 302 312
143 288 279
191 275 146
14 145 227
253 44 350
63 255 214
6 217 12
109 72 67
195 131 175
278 221 325
277 33 139
264 11 216
324 37 40
337 71 167
261 87 59
277 229 201
147 347 53
93 54 117
277 18 331
258 218 173
9 13 150
229 270 79
44 284 201
286 170 140
235 71 258
124 196 25
129 298 128
145 118 261
22 7 311
29 14 49
265 117 84
114 297 52
84 327 318
345 90 153
188 180 276
314 197 317
75 75 88
111 35 194
267 5 353
67 78 95
39 130 355
36 239 244
325 161 72
191 332 252
211 165 96
224 178 150
192 253 255
122 172 197
98 297 348
166 267 56
224 211 242
338 146 295
268 85 107
100 18 329
234 36 157
191 337 40
186 44 140
283 153 313
260 344 38
175 26 53
328 263 153
317 353 217
71 159 236
338 344 291
44 34 346
334 355 306
354 351 18
16 85 133
185 266 13
34 37 5
335 347 244
215 147 2
215 79 227
165 16 73
279 214 212
166 341 159
71 133 185
324 61 161
255 360 35
164 298 311
144 360 125
80 243 316
197 218 351
295 279 100
150 343 8
233 249 231
180 294 206
297 235 302
152 144 344
3 110 342
154 331 0
193 158 197
241 15 24
177 284 45
345 57 233
167 140 174
333 271 188
4 156 35
15 89 53
230 210 220
303 55 20
79 278 323
324 183 351
261 310 24
175 4 278
102 119 306
130 211 243
62 255 260
106 308 306
312 89 239
243 233 43
204 150 196
110 214 256
39 299 73
142 270 347
225 21 350
74 222 315
20 135 175
223 206 41
326 345 279
45 152 246
156 9 3
49 84 131
357 314 108
22 30 55
53 282 177
28 59 89
7 6 351
197 314 108
350 63 308
157 154 302
23 49 9
166 288 224
13 39 327
224 28 141
224 71 239
232 142 209
78 175 11
331 202 12
178 188 170
116 45 194
297 221 350
83 290 324
327 95 200
277 296 180
271 32 302
70 188 128
40 138 137
304 177 252
149 313 234
332 220 147
269 109 201
286 171 73
49 144 266
30 8 49
132 204 177
141 31 155
141 127 168
277 282 245
325 50 111
283 88 139
67 340 237
261 138 278
94 196 78
246 350 303
165 358 310
114 236 81
110 192 107
35 97 241
356 100 64
141 63 100
13 11 229
177 177 192
8 58 306
266 309 107
91 99 246
220 220 46
168 229 191
245 23 13
219 323 122
199 207 170
325 39 65
201 89 88
317 287 207
61 190 93
49 31 195
166 53 78
220 109 101
277 226 79
172 162 342
272 335 279
351 105 325
215 326 233
84 189 356
337 299 313
56 34 138
346 323 303
32 82 100
23 121 158
44 126 20
59 291 184
86 110 23
244 319 192
140 99 10
126 296 340
232 357 325
194 208 246
140 304 240
279 74 82
345 198 308
145 23 176
207 196 141
232 354 339
180 272 281
150 352 146
44 234 109
318 18 77
136 163 218
3 198 55
245 190 209
160 28 70
201 203 143
284 134 186
321 71 265
67 32 75
215 40 1
47 194 164
261 299 214
307 290 135
305 124 118
272 103 89
322 42 263
201 57 99
81 336 318
27 88 358
56 282 243
324 76 276
191 240 347
276 50 168
89 27 14
356 84 231
127 174 130
196 237 16
48 115 51
333 232 239
33 81 120
78 314 61
283 232 142
294 128 72
268 201 350
85 321 341
216 360 206
74 78 164
211 213 329
28 20 149
311 241 68
313 320 207
135 205 80
138 30 60
36 120 330
346 51 325
200 206 63
177 211 108
235 94 328
17 358 341
55 196 307
101 245 298
235 30 52
19 15 288
197 5 228
237 233 27
239 238 305
112 291 71
325 127 69
324 21 236
16 312 324
298 156 282
63 196 239
263 101 120
83 315 331
201 46 63
181 12 226
255 109 318
96 227 186
300 7 232
247 40 316
261 14 184
17 197 250
306 240 170
276 358 347
281 197 46
44 90 146
141 246 275
276 21 64
188 269 179
267 17 61
352 120 63
187 182 37
292 39 344
44 44 231
31 299 169
227 43 317
168 343 283
4 326 296
6 278 119
45 136 273
313 258 317
320 247 343
43 170 144
339 137 29
252 277 54
262 67 198
157 207 223
125 168 210
183 293 125
176 84 120
121 112 306
302 217 282
344 145 267
68 70 258
339 299 335
59 205 114
357 291 124
339 148 62
310 279 157
62 243 248
132 319 4
52 17 161
55 101 298
67 266 136
208 85 270
332 264 125
319 57 346
32 184 262
83 110 105
36 133 84
258 0 60
48 316 278
21 262 295
313 301 253
328 28 28
94 338 16
313 196 169
323 53 240
211 155 18
207 41 312
2 121 342
352 344 275
307 165 300
11 331 201
266 39 144
203 104 325
21 155 304
224 180 328
61 123 116
291 236 330
124 211 94
202 233 332
340 325 53
294 322 349
216 114 57
137 339 346
238 30 117
232 49 197
355 278 135
321 233 70
15 11 118
360 359 34
8 54 25
65 244 27
223 244 309
27 109 134
221 203 212
340 167 270
193 56 123
211 147 156
112 328 2
124 241 193
215 260 181
130 184 350
307 172 308
0 284 198
12 359 19
252 268 214
253 274 171
257 299 291
165 50 15
340 294 211
161 332 71
187 160 266
69 292 264
218 58 78
13 292 171
303 4 151
138 2 75
87 310 206
183 309 213
201 156 193
185 127 3
55 14 305
173 96 208
103 132 200
107 168 137
2 93 83
189 265 136
93 60 321
81 211 294
164 316 18
337 137 315
267 266 274
285 322 163
22 354 182
68 55 47
303 282 326
68 79 76
200 32 247
272 86 202
204 40 300
150 148 306
50 103 290
267 98 306
66 29 199
125 227 139
215 199 172
155 330 289
265 4 14
241 311 121
293 236 63
320 151 271
311 85 56
61 131 63
74 289 138
63 67 274
124 209 188
325 359 327
49 125 299
124 98 180
289 31 75
339 9 200
78 208 360
259 126 204
235 115 195
290 144 63
116 99 15
231 343 282
112 27 165
41 72 55
308 308 18
192 346 153
82 210 177
106 246 20
294 51 226
72 177 152
359 15 97
308 222 70
309 43 257
47 293 146
265 61 350
65 158 257
322 124 233
189 29 159
14 82 134
230 220 209
3 97 357
295 12 143
69 138 147
216 60 128
217 221 25
120 267 144
257 202 212
195 64 9
8 133 70
357 100 189
299 49 267
87 115 25
229 204 146
193 48 44
182 300 171
285 56 85
0 239 329
145 344 2
278 296 5
26 209 96
183 97 244
215 258 285
290 177 230
262 56 132
334 294 120
223 333 50
11 144 356
337 276 179
12 205 353
188 51 94
204 76 119
129 311 328
133 34 263
173 106 99
1 214 126
119 289 257
122 217 35
284 172 177
16 243 278
133 280 171
243 179 270
293 193 100
304 67 356
95 66 26
301 264 353
93 256 99
146 251 287
180 175 34
56 120 165
309 203 179
292 136 179
109 121 64
20 23 19
66 26 328
256 153 82
321 93 146
259 240 64
260 309 277
32 242 69
10 218 328
316 118 165
28 126 35
335 207 149
75 332 138
274 307 25
284 13 258
310 55 300
70 279 295
304 311 340
267 135 139
102 301 284
240 297 276
43 4 95
118 238 321
348 74 70
133 106 129
8 197 59
94 107 150
323 162 334
265 231 273
216 231 166
277 11 93
357 63 196
89 236 347
323 113 267
113 138 46
272 93 8
298 340 44
240 5 277
175 334 297
193 107 205
331 353 18
237 18 308
250 64 200
173 168 350
208 170 169
125 329 90
140 28 345
104 91 153
252 51 132
239 198 222
201 110 176
131 133 235
144 260 296
71 300 141
7 164 207
65 83 154
128 151 25
11 44 156
266 349 162
290 48 160
237 6 267
195 55 263
17 64 2
317 338 226
67 47 79
324 343 253
238 181 225
4 4 174
260 279 314
185 224 35
63 302 84
289 349 354
179 220 355
253 340 206
242 249 181
97 122 275
335 122 341
16 114 61
28 331 105
110 264 323
2 360 106
69 126 80
343 231 170
11 115 94
339 218 95
119 321 262
239 224 300
158 323 159
328 7 289
94 287 343
115 298 310
243 53 333
327 88 38
295 185 45
182 100 138
191 251 321
181 316 153
131 71 109
319 60 302
90 322 310
225 11 27
318 124 44
318 196 312
115 177 41
164 249 47
343 108 314
25 62 305
6 335 23
340 50 161
24 133 29
191 177 210
136 313 80
154 9 265
22 175 228
300 331 330
21 234 158
211 163 196
213 227 1
319 70 360
227 162 270
147 61 312
231 83 299
90 108 158
73 137 72
173 169 83
98 160 3
49 145 27
136 253 221
86 110 309
58 114 321
92 49 349
6 178 175
313 38 60
271 143 292
106 175 87
345 111 243
193 293 10
71 3 246
297 187 43
340 298 145
239 322 302
244 358 130
12 166 97
290 191 108
265 47 168
261 305 225
233 334 302
145 218 356
55 328 66
24 123 91
235 97 170
294 30 61
336 81 107
30 300 124
126 73 288
214 147 263
21 107 138
328 307 77
106 247 294
184 211 69
96 199 27
298 36 38
94 89 303
140 110 359
51 131 188
244 175 77
274 90 140
12 316 95
331 156 156
107 8 245
41 213 54
349 73 14
168 197 136
328 14 270
43 271 44
219 340 331
288 138 292
212 358 119
28 44 251
291 136 196
66 40 30
183 33 254
122 138 200
60 291 243
345 329 316
360 176 247
338 200 170
75 137 127
42 316 244
119 268 287
210 21 189
225 193 254
256 115 166
119 323 188
5 252 77
305 110 264
333 46 132
266 263 91
35 5 9
328 220 310
12 130 241
62 278 58
341 66 189
328 186 134
53 17 228
8 310 257
80 187 324
106 293 41
348 271 77
207 254 343
57 209 79
267 273 17
206 264 152
356 322 214
281 211 299
38 12 108
291 263 110
74 190 358
168 215 193
191 83 140
355 35 169
44 118 14
255 175 80
245 128 162
171 144 229
337 224 37
71 159 47
286 159 204
196 295 104
242 241 131
88 227 80
301 128 32
329 80 177
353 181 101
14 301 306
35 136 172
10 57 215
123 335 239
218 297 282
154 57 155
341 77 166
93 27 357
111 296 350
314 321 236
227 112 128
188 93 319
329 100 2
284 303 25
41 133 125
142 123 211
251 78 281
46 114 292
18 44 118
292 241 135
54 353 322
172 116 247
41 316 86
332 279 4
55 260 310
49 146 76
33 327 314
175 268 274
183 227 235
41 246 153
28 26 79
319 97 148
295 276 15
244 24 87
35 16 84
57 211 80
290 106 175
170 288 298
116 137 323
356 359 292
223 132 272
21 52 28
26 21 291
162 72 49
255 318 272
225 227 343
69 119 275
319 267 175
190 233 287
356 164 281
113 282 30
230 82 244
227 348 164
194 353 339
112 117 29
178 203 301
35 191 239
302 134 215
276 256 163
323 176 100
222 260 129
114 143 127
121 162 339
358 328 23
110 67 326
344 171 174
123 334 14
319 263 257
131 62 124
8 124 193
186 200 54
195 241 19
176 274 107
135 85 245
85 315 241
18 259 84
101 183 25
163 171 294
130 212 159
345 24 353
265 167 284
256 96 293
205 343 313
240 307 140
260 225 29
256 330 132
41 32 359
337 228 264
308 168 278
184 111 89
12 244 151
273 312 244
55 115 266
48 300 202
240 121 207
4 269 116
175 63 317
262 105 54
189 126 335
49 207 0
245 322 343
210 180 2
107 138 290
292 250 86
220 121 181
176 212 172
309 176 324
55 92 315
49 224 133
231 309 198
179 298 347
76 109 70
180 224 206
111 185 160
133 14 61
273 105 206
237 55 197
67 273 76
269 0 157
123 24 339
265 155 69
187 103 359
188 338 251
272 328 0
130 204 26
186 182 247
52 289 124
67 322 115
85 100 26
322 182 252
135 246 81
291 40 284
169 144 182
323 265 270
85 165 288
281 161 24
189 278 302
275 220 96
103 312 164
155 119 190
291 230 349
155 230 253
75 281 29
154 271 46
224 28 330
145 83 98
312 333 268
159 145 227
359 60 38
292 353 304
172 7 132
164 187 96
241 290 52
15 316 213
140 69 339
88 210 20
165 247 62
230 281 93
318 288 37
305 8 270
29 19 237
334 133 360
63 202 2
357 249 38
233 38 184
166 233 204
303 232 85
204 65 4
235 105 255
327 228 79
226 7 347
97 202 225
263 247 50
167 237 152
98 207 145
271 11 324
31 135 322
32 74 164
201 280 134
187 192 204
136 81 29
338 55 43
49 126 143
163 359 189
53 356 92
177 326 180
177 31 332
164 39 39
167 157 45
284 70 91
71 226 57
281 144 321
178 182 288
199 74 80
289 62 247
38 319 90
17 11 299
11 340 356
353 230 37
312 298 344
323 33 159
217 23 212
327 252 293
45 125 279
140 229 116
33 264 199
27 127 176
310 172 37
319 322 284
10 62 282
196 16 165
81 257 87
245 351 266
93 249 13
255 132 159
179 95 352
56 299 158
220 119 12
121 197 355
91 245 311
187 243 249
307 142 110
111 284 225
312 88 78
204 120 154
17 96 25
294 43 82
209 163 306
339 155 325
2 318 73
299 98 121
29 297 203
315 152 188
37 27 215
200 334 354
156 186 217
161 93 103
43 10 48
96 212 104
179 352 218
83 325 52
78 331 34
66 70 134
91 285 305
39 236 360
295 260 279
275 152 340
204 247 226
337 276 199
102 331 251
20 331 34
103 94 351
44 72 87
279 120 197
64 44 33
68 29 195
199 170 311
244 331 285
101 298 191
68 247 30
288 181 237
273 168 332
220 357 234
144 102 263
112 221 21
231 21 339
351 261 349
23 196 66
234 272 346
193 233 105
55 61 66
280 31 97
271 258 240
336 151 175
304 45 2
328 110 335
267 37 275
185 303 31
278 323 269
226 350 191
132 309 167
240 221 227
146 287 132
282 227 240
278 209 58
347 112 199
277 351 279
95 276 247
170 218 211
23 134 4
188 324 110
353 105 203
232 1 117
109 37 11
237 8 251
13 19 11
133 118 78
93 179 268
101 54 299
289 55 339
180 85 201
42 94 325
177 245 341
209 134 275
215 252 230
81 97 153
302 266 132
64 272 112
45 143 54
224 156 43
335 43 274
186 90 310
178 113 263
261 70 334
237 354 195
359 357 284
104 335 94
132 243 303
185 131 320
161 153 82
198 239 41
5 118 290
157 182 123
45 258 324
116 335 266
50 197 270
91 155 116
40 115 200
33 346 164
93 169 153
135 35 322
284 180 3
169 295 16
182 93 142
124 18 264
160 60 198
345 132 33
3 258 5
140 220 30
206 40 108
324 357 332
267 33 8
257 111 239
350 118 172
249 6 323
62 151 155
244 105 54
25 169 73
206 126 39
100 60 336
261 199 118
231 180 43
5 151 36
347 26 296
327 209 198
0 239 46
135 29 105
51 9 184
261 123 14
25 149 147
311 224 316
54 27 140
360 233 331
24 108 154
300 53 314
94 71 54
271 48 77
243 279 249
166 300 266
98 107 166
288 180 222
31 224 27
47 180 229
196 333 340
225 39 126
259 263 150
127 232 302
310 350 335
64 1 247
129 43 186
101 292 320
15 60 59
69 289 232
262 337 45
232 191 231
316 144 360
118 71 192
168 178 157
177 288 96
40 215 336
3 256 96
295 42 135
282 304 142
58 259 40
48 193 297
255 232 188
199 108 360
322 140 234
228 239 185
333 292 197
263 355 285
96 14 214
168 335 263
222 123 145
194 325 199
254 72 70
196 89 148
65 292 186
171 21 200
60 291 307
343 115 252
7 262 271
251 294 316
89 24 242
32 44 40
1 251 261
343 155 183
29 345 120
164 190 90
60 270 63
234 329 84
51 235 30
280 131 74
36 284 245
237 21 204
120 221 250
294 145 44
273 168 28
290 3 20
92 0 14
118 136 68
217 15 349
95 108 261
320 94 262
294 252 55
276 2 46
296 39 205
266 22 198
309 30 190
140 170 286
283 302 35
176 208 117
72 88 33
308 78 309
1 215 273
225 285 332
87 45 358
105 145 95
191 298 79
19 269 255
292 350 300
259 117 1
348 163 224
9 86 228
90 8 110
48 161 31
210 39 18
111 274 277
185 153 211
73 330 353
312 111 113
129 337 61
354 164 41
10 358 154
167 199 171
239 109 166
