333 1 53
146 261 185
261 212 178
101 31 7
103 43 295
235 203 89
56 52 79
20 42 292
233 283 180
284 226 190
119 355 159
163 98 245
125 314 304
143 120 332
245 342 290
256 107 357
68 151 276
14 216 37
302 268 187
141 114 222
192 233 293
279 259 284
214 43 45
107 102 295
255 355 64
15 239 307
283 36 213
234 137 181
66 262 1
44 46 9
54 307 186
63 323 245
284 191 343
338 352 209
251 306 229
148 17 206
309 354 189
244 1 135
325 255 30
249 193 214
30 166 255
133 72 342
91 194 258
8 211 103
225 83 213
41 22 185
317 340 10
201 173 223
39 322 160
52 32 86
309 42 263
123 128 14
45 0 131
30 207 211
66 147 186
310 316 144
94 79 21
144 311 213
244 268 235
321 84 300
196 64 319
296 350 333
72 237 133
324 59 64
271 273 334
300 193 172
228 179 141
39 259 81
281 309 25
344 124 82
194 89 97
354 253 68
44 186 174
298 281 16
155 27 50
131 195 213
310 245 173
253 35 71
186 267 55
95 160 80
185 294 296
23 270 180
251 46 258
59 291 96
329 51 327
345 253 162
254 45 228
30 38 359
85 211 151
169 240 223
11 179 339
234 233 76
354 137 223
131 202 247
254 294 128
83 46 226
166 157 325
63 44 269
324 213 260
264 329 314
242 40 270
308 279 232
39 301 48
171 272 50
317 211 223
29 154 113
115 303 0
254 118 360
343 356 183
122 126 343
300 125 313
80 336 279
202 350 305
300 269 132
277 358 207
34 285 227
185 342 117
66 267 150
42 41 95
14 315 86
291 282 215
93 90 61
329 256 267
139 313 117
157 329 112
275 281 197
221 311 192
71 336 34
266 229 309
127 235 316
166 345 253
226 182 73
198 256 108
310 5 59
315 16 302
253 282 315
278 302 74
186 135 187
357 310 21
274 47 4
131 313 277
264 235 67
226 225 124
290 20 228
143 68 356
285 165 332
33 58 231
159 216 87
187 111 79
163 54 297
310 217 264
328 81 35
152 317 4
153 121 166
282 231 26
316 25 304
38 266 213
256 295 95
274 299 342
134 27 276
107 26 203
148 226 248
16 116 136
117 168 199
142 15 335
294 172 323
116 16 189
207 283 340
300 55 327
107 5 309
242 44 127
258 195 191
251 142 237
25 66 235
122 166 295
183 59 228
326 175 320
94 116 205
129 292 268
245 138 81
344 240 314
193 48 267
236 284 154
20 352 323
77 321 299
199 142 272
170 205 61
186 270 216
5 201 77
14 7 65
86 358 264
358 262 201
298 297 180
105 277 234
266 243 223
289 330 220
277 294 301
255 323 228
274 133 76
142 19 272
10 264 197
58 173 228
284 339 271
195 343 315
36 184 346
70 26 43
157 326 64
343 207 184
244 256 353
142 274 313
201 40 265
222 244 72
71 360 55
103 187 186
206 156 114
14 235 186
266 321 54
298 38 289
113 193 79
96 122 356
303 277 280
155 278 165
76 334 98
169 16 91
130 178 195
73 71 60
8 290 120
237 67 336
221 336 324
65 58 105
154 185 177
246 339 88
2 91 166
231 5 29
69 44 41
189 303 263
291 45 161
249 96 197
328 170 142
199 82 14
164 290 215
157 155 119
352 87 296
323 56 274
301 311 43
111 345 194
337 61 179
300 210 104
236 16 92
221 205 331
100 71 127
350 184 261
256 266 98
239 333 324
307 118 134
180 239 13
80 211 121
47 302 142
284 346 5
332 193 72
275 49 241
18 136 260
171 243 107
167 50 138
40 196 258
122 302 65
11 8 234
98 138 164
293 38 315
249 168 185
70 43 339
326 257 335
137 69 161
260 172 259
149 83 199
321 355 95
19 250 255
299 96 220
198 345 250
250 296 347
126 209 189
354 319 256
15 266 266
236 188 19
313 219 228
199 279 106
291 320 114
32 35 122
208 330 302
348 275 155
221 170 339
187 253 260
67 251 336
70 164 335
214 284 110
187 76 245
290 40 128
230 0 240
119 193 4
139 252 260
31 9 56
90 333 275
233 153 187
100 311 316
268 286 216
66 198 28
120 113 273
172 278 284
124 157 325
64 190 76
101 176 305
83 158 125
150 152 347
209 74 144
87 330 224
331 290 122
16 357 333
72 309 288
181 4 326
88 37 113
139 7 330
59 71 230
266 127 231
225 314 279
126 139 312
243 205 186
324 217 114
241 286 164
321 247 160
241 8 309
210 180 43
237 153 184
217 184 300
37 194 233
30 7 358
7 340 24
113 208 43
287 259 256
360 69 78
353 290 262
191 110 119
89 202 93
57 121 140
99 339 108
266 337 71
200 110 323
299 224 6
115 25 153
345 267 233
54 240 128
75 300 139
117 92 279
227 348 290
98 99 0
165 8 71
239 221 57
252 92 215
229 214 306
157 41 107
48 50 7
194 289 41
266 37 80
168 137 209
191 70 272
52 163 31
213 40 316
300 79 273
133 10 3
35 150 101
121 56 56
89 144 168
158 309 331
290 33 69
171 195 312
0 263 270
110 187 301
225 223 30
301 199 11
223 120 158
149 247 127
120 1 251
294 139 76
8 42 118
108 171 15
259 66 273
288 14 76
145 269 187
328 84 218
52 7 48
110 87 353
40 353 195
318 180 216
78 170 22
121 300 237
266 320 48
79 86 328
147 143 166
298 204 64
149 51 197
95 203 65
164 120 124
225 10 268
89 306 286
306 303 176
140 351 197
33 198 6
298 273 270
27 214 129
98 327 98
184 248 197
272 45 120
338 36 323
358 246 217
14 312 271
30 229 63
298 206 240
121 224 347
194 10 12
249 105 46
217 238 332
355 167 17
284 323 187
32 213 140
123 65 151
289 354 60
86 6 187
349 10 254
234 233 273
284 29 6
33 60 280
8 83 57
202 75 81
120 77 241
86 69 309
135 277 352
340 174 49
300 39 53
320 56 260
176 309 295
101 48 289
112 141 46
80 240 267
251 252 72
344 1 357
252 41 33
102 102 322
136 234 254
345 16 265
109 324 350
103 71 335
165 75 166
311 10 33
83 175 63
319 9 87
278 221 187
90 2 308
181 53 215
320 19 39
82 350 196
198 23 83
80 19 97
312 117 41
291 215 96
158 299 221
260 266 107
261 127 261
209 251 126
44 107 323
265 141 18
233 256 100
236 132 277
141 336 47
135 173 259
50 342 137
3 146 211
151 209 71
317 271 345
247 256 179
147 340 351
337 321 38
308 318 116
62 51 243
105 210 281
260 62 252
233 45 92
358 149 347
358 269 131
123 344 110
137 202 35
226 277 66
217 19 205
218 316 329
173 273 246
73 45 64
20 9 104
144 121 159
262 64 205
266 77 133
104 227 47
90 83 39
114 304 177
309 344 166
76 91 242
116 42 0
317 220 349
307 335 355
282 150 233
242 18 80
31 162 134
49 296 342
230 309 268
43 105 43
176 151 11
7 94 340
225 122 16
5 178 35
121 261 140
239 216 135
284 261 318
322 353 198
234 167 231
207 8 293
193 264 6
205 266 305
259 86 285
333 274 6
248 342 346
239 31 294
271 229 100
211 146 249
62 95 306
69 75 317
227 169 219
283 140 123
135 250 170
155 40 332
69 309 14
122 321 10
247 173 224
263 63 359
141 42 227
106 127 287
255 230 169
219 290 88
355 186 196
22 196 22
65 96 276
242 349 199
226 360 212
244 333 210
181 232 107
73 267 136
183 4 37
126 153 53
187 148 337
304 127 35
242 235 90
164 238 251
156 222 32
215 301 210
16 65 138
184 318 108
122 136 210
153 223 284
163 87 292
343 47 10
180 197 77
61 53 229
212 209 147
249 208 233
159 208 263
288 204 245
332 131 205
70 89 29
310 19 271
280 42 327
360 211 56
300 246 192
168 15 271
201 216 216
289 17 323
0 357 142
132 3 43
299 13 106
232 68 73
126 9 64
277 241 300
94 197 93
175 213 180
214 85 269
177 63 152
201 61 339
188 10 196
48 63 46
5 55 80
142 225 18
323 292 127
206 156 275
259 353 185
132 10 352
46 323 179
262 286 274
54 267 42
350 346 236
84 262 269
224 124 111
321 248 167
5 300 66
327 58 306
73 200 189
109 203 314
209 326 57
20 98 58
332 82 109
289 332 124
95 48 179
140 175 75
227 5 156
50 70 296
213 184 241
347 169 324
227 295 6
105 182 338
289 124 317
226 318 339
279 299 46
38 254 148
345 233 168
218 99 226
347 239 312
91 192 341
275 92 3
119 152 241
97 290 125
83 226 234
141 303 287
53 312 134
59 114 4
316 152 343
317 349 87
303 208 189
125 293 116
118 212 334
152 294 346
212 354 85
36 40 191
148 192 90
104 83 314
247 297 351
246 185 216
66 42 21
293 350 284
292 313 285
317 53 110
239 188 90
78 99 134
157 104 7
131 108 288
15 202 126
266 262 206
317 237 135
340 30 138
64 90 200
93 95 273
81 281 319
314 212 140
247 242 72
273 135 219
10 257 327
16 157 147
192 343 236
196 181 111
214 200 213
30 119 339
190 39 38
22 226 58
58 296 135
160 273 314
157 159 101
85 238 275
200 132 238
197 294 157
196 63 29
255 162 128
155 227 281
340 344 41
64 151 281
240 205 46
268 267 58
201 90 128
309 296 5
334 177 113
256 144 206
314 179 58
170 21 103
178 122 236
86 308 30
225 287 263
154 330 249
235 54 279
142 188 282
268 293 236
2 113 305
325 359 186
284 353 228
330 347 281
58 112 251
286 299 289
312 304 164
120 262 109
9 151 359
4 147 307
256 41 298
85 222 50
92 317 44
64 302 214
15 332 71
247 346 222
291 254 40
322 267 270
198 187 255
335 215 195
71 149 52
344 338 340
146 262 187
249 320 0
210 269 148
245 148 99
310 110 322
353 51 38
151 137 55
351 40 269
216 203 94
345 314 237
347 227 262
266 308 148
151 246 324
289 66 334
231 82 345
7 181 110
107 313 4
144 224 288
224 161 164
231 214 202
272 6 25
40 124 219
184 299 89
22 25 264
222 108 353
329 292 358
25 200 324
296 95 256
204 67 286
80 346 349
303 157 153
299 337 170
309 130 96
8 359 100
24 6 203
26 139 9
243 123 207
337 247 128
146 89 167
116 132 119
356 139 13
360 1 62
317 257 310
291 307 183
83 25 100
67 110 293
141 146 332
58 276 191
138 273 63
39 213 153
216 162 300
214 347 169
198 150 174
0 10 243
146 238 4
228 342 182
267 315 228
102 125 102
143 284 109
358 254 25
294 171 78
275 114 147
81 286 341
331 113 248
11 50 338
4 122 337
137 210 156
353 210 48
60 167 43
314 39 190
192 328 154
85 325 295
133 257 322
87 133 15
342 67 329
233 332 123
90 33 148
180 355 315
291 140 283
173 101 236
174 266 19
9 51 227
159 332 143
309 78 302
353 27 178
51 268 237
318 203 263
87 183 250
3 8 14
203 174 229
271 236 60
229 215 90
320 214 3
33 143 276
18 236 226
56 22 190
344 170 91
352 139 75
196 62 356
175 106 40
115 347 241
213 248 239
68 97 70
119 207 59
180 139 113
71 8 15
259 318 232
113 194 278
341 254 288
242 245 250
228 191 249
31 154 56
171 124 244
105 81 219
345 200 217
354 178 12
126 240 314
271 93 200
10 298 126
187 129 186
130 195 105
341 182 87
188 72 217
145 86 54
213 231 241
229 276 182
276 117 49
260 19 119
237 299 147
19 353 118
323 35 296
19 79 182
140 61 10
132 192 178
198 130 107
50 40 83
167 49 346
337 119 112
99 32 101
246 250 7
356 15 294
72 143 123
335 191 132
102 271 143
344 307 316
133 65 133
115 360 32
204 340 154
229 36 244
145 336 197
338 183 147
134 131 306
298 179 327
147 24 286
212 359 26
354 104 236
227 127 284
240 199 195
229 156 29
128 293 315
193 246 217
244 334 319
188 300 168
313 236 8
40 195 135
294 304 36
65 181 164
137 118 250
37 51 320
18 83 152
355 150 282
203 249 38
45 46 322
53 73 229
205 229 340
337 272 256
37 325 92
60 116 120
247 147 88
102 352 250
218 313 59
137 333 297
16 255 350
119 116 300
331 256 245
120 320 253
4 265 300
249 58 202
352 354 109
8 246 130
91 353 108
128 196 116
229 99 195
313 269 141
229 42 281
147 238 226
133 349 204
302 256 256
75 60 284
131 199 141
178 51 77
255 228 333
43 137 21
69 1 226
360 38 270
220 272 253
67 30 197
158 297 205
35 147 353
34 257 296
30 327 147
300 6 20
227 330 142
83 238 289
325 324 81
235 185 205
251 209 353
168 174 1
356 321 274
85 170 51
139 164 213
323 326 67
91 144 34
190 172 89
223 108 320
123 241 336
222 227 149
228 316 330
173 288 126
218 138 210
259 89 261
29 146 114
251 28 356
263 23 280
111 354 310
204 206 344
133 248 92
138 280 80
11 120 358
312 338 273
110 199 214
200 124 47
133 57 44
122 26 316
136 118 275
11 221 79
280 178 169
152 192 227
265 88 91
61 150 248
184 270 309
255 180 359
201 66 118
259 319 262
43 261 88
250 49 81
217 340 49
341 130 225
123 138 229
319 10 274
92 73 207
72 276 128
77 182 300
76 164 46
262 64 330
132 249 125
284 113 68
122 352 233
55 53 20
169 274 246
91 344 88
237 277 155
278 138 43
9 46 272
272 325 269
203 290 162
157 73 249
58 161 218
181 41 154
57 128 15
21 234 252
116 39 324
49 89 144
291 36 240
86 262 333
208 225 104
264 336 50
227 289 305
157 282 130
141 238 91
179 58 286
174 140 207
159 10 326
209 202 188
15 129 125
200 325 333
283 201 115
306 123 345
197 319 2
81 265 295
10 355 72
96 21 99
178 95 288
323 137 24
83 110 213
315 84 36
160 90 360
76 31 197
338 201 307
8 44 326
99 100 220
229 276 204
147 280 81
7 236 231
243 124 121
130 44 64
114 259 286
29 60 221
195 72 338
120 241 223
248 348 220
263 56 130
339 115 267
82 186 108
353 294 226
123 47 257
290 293 44
204 325 116
275 121 119
217 147 73
108 216 206
221 249 270
232 241 78
188 251 52
342 67 124
311 226 227
360 337 228
253 73 296
30 345 55
286 138 276
300 250 155
135 267 81
288 156 159
18 98 77
72 295 350
276 235 231
175 183 44
15 353 32
35 87 130
266 247 153
143 19 296
223 30 155
109 74 164
359 238 121
21 352 178
262 217 188
131 175 25
317 301 224
105 329 316
215 11 183
358 52 191
194 155 281
28 101 121
165 116 28
30 331 295
340 314 260
37 44 152
25 220 159
211 255 43
260 304 131
106 226 224
317 128 358
306 13 297
216 141 51
143 97 263
102 245 136
349 263 86
47 116 52
126 70 47
329 173 189
9 260 163
244 230 174
310 176 145
127 306 117
159 146 19
19 25 124
151 291 358
59 360 351
126 273 349
310 71 56
340 203 50
357 281 247
13 98 259
298 338 311
31 359 289
222 210 109
20 100 8
233 244 295
12 74 284
265 303 170
246 99 53
141 184 338
36 176 229
303 158 16
55 67 233
235 91 261
139 88 33
155 31 68
228 147 70
339 253 151
119 275 312
189 103 256
49 202 294
128 269 110
287 283 58
355 330 166
42 107 236
235 3 81
122 330 58
264 123 164
156 153 146
184 99 175
329 140 144
225 260 342
176 136 17
267 348 67
96 254 107
70 180 220
89 297 9
261 177 24
229 116 15
352 79 305
269 71 211
330 15 74
0 160 117
18 26 330
333 299 154
308 188 216
356 31 288
267 320 103
136 130 6
204 82 89
127 26 132
10 28 115
14 33 105
235 5 237
201 336 63
224 260 111
348 99 233
227 128 0
277 128 279
24 41 243
208 312 311
313 130 248
10 79 94
344 181 227
350 0 154
272 352 74
117 168 57
36 195 313
131 304 305
267 339 190
211 7 354
31 82 173
114 81 2
244 144 296
276 116 287
300 331 325
113 221 296
156 164 112
311 321 358
102 99 320
169 237 25
360 219 232
240 127 197
304 359 160
313 182 220
55 284 7
64 17 299
190 176 140
138 17 200
100 330 100
284 59 60
181 177 275
148 69 42
59 334 13
310 222 323
274 159 120
214 238 80
133 286 188
215 176 268
64 66 155
358 73 338
17 200 134
194 3 274
268 26 359
31 174 23
31 42 346
295 7 199
107 135 286
128 80 214
143 346 30
16 72 197
307 338 127
132 281 118
16 297 133
126 79 285
69 94 69
20 117 336
158 245 216
336 347 84
160 40 67
150 187 5
302 7 73
309 280 285
262 240 335
237 131 109
114 205 72
203 200 165
17 0 220
296 191 337
231 323 157
230 76 179
58 305 48
170 21 23
342 165 256
238 82 117
43 298 245
174 194 346
227 217 114
205 119 180
286 22 13
18 340 284
291 226 112
140 1 323
114 77 303
222 344 270
231 1 69
1 283 243
336 92 105
273 305 192
221 204 307
10 47 99
40 232 122
167 7 40
209 229 16
23 139 52
21 130 188
52 269 290
278 336 314
223 237 65
75 265 197
69 106 303
172 53 285
351 220 95
256 295 166
52 75 264
124 355 234
181 338 125
279 118 2
167 23 49
263 346 5
104 55 80
137 337 134
137 339 94
77 357 101
277 95 39
7 204 209
304 262 165
240 86 165
31 57 221
309 317 265
83 96 216
178 251 219
211 354 67
146 58 322
175 29 146
64 152 117
285 344 111
185 155 249
189 84 303
219 28 347
152 329 149
53 155 68
135 223 31
295 106 316
194 277 38
254 203 49
207 23 112
294 103 299
322 240 313
214 12 108
254 190 111
190 249 53
209 69 263
323 240 202
324 283 263
335 91 24
241 226 271
184 246 86
87 71 339
312 95 74
320 135 326
168 346 118
44 160 344
288 163 316
19 331 220
156 140 205
134 123 255
120 251 144
134 202 341
349 61 25
65 331 54
21 135 207
38 308 235
157 119 162
101 249 240
99 211 137
18 65 334
323 332 114
287 278 288
249 184 248
2 209 254
181 69 46
344 159 229
75 28 46
9 249 29
217 129 9
53 315 325
145 55 352
140 83 3
277 217 213
4 355 348
343 195 95
326 348 104
106 244 265
3 111 65
85 148 106
11 254 329
335 123 25
288 31 40
103 87 288
163 264 181
275 43 230
280 155 347
174 239 307
49 47 14
43 154 92
10 245 295
306 272 77
45 180 35
222 80 173
80 216 30
202 5 16
96 142 335
318 35 88
72 11 283
145 93 14
279 320 348
192 32 203
168 127 30
60 128 197
304 18 151
69 9 5
162 256 279
96 12 204
85 2 150
115 75 327
117 228 285
237 256 128
190 158 291
320 90 264
248 37 360
213 1 136
229 152 3
106 124 234
284 143 235
276 106 52
105 96 253
129 114 149
325 330 144
270 266 274
83 99 78
268 177 67
119 222 17
271 258 66
229 344 26
155 248 0
15 57 159
24 123 21
31 350 264
23 153 69
347 7 137
245 318 130
84 141 189
193 298 152
314 96 67
278 317 140
116 198 50
254 11 349
89 171 47
20 42 86
290 347 158
36 118 149
11 275 3
67 219 308
229 34 303
34 93 359
206 162 75
77 58 199
128 98 351
121 302 228
273 9 140
26 68 46
212 125 207
63 110 27
126 167 10
176 177 140
111 215 160
216 102 230
13 42 293
95 309 8
162 165 186
186 56 263
215 262 206
194 277 222
320 350 155
164 204 158
162 80 125
216 258 102
123 295 41
230 102 267
304 42 36
306 343 49
334 118 201
346 356 238
181 225 109
169 122 356
269 272 345
298 308 111
175 133 121
142 200 152
221 334 75
76 251 87
295 101 109
359 31 288
295 311 126
355 166 274
35 304 20
292 145 226
41 99 226
302 264 337
350 118 74
264 209 170
16 18 65
126 242 165
336 244 56
2 45 38
357 129 148
252 89 198
135 347 13
24 295 318
25 116 22
93 161 233
99 325 196
212 277 236
212 110 79
118 230 248
261 207 40
152 7 341
170 326 22
250 211 118
233 175 2
47 315 69
202 90 343
357 219 199
168 172 359
155 210 144
33 158 284
231 282 94
154 207 91
291 304 0
230 112 11
212 186 241
94 243 163
118 254 56
269 87 197
224 132 268
32 358 16
281 257 252
20 335 299
177 131 264
144 61 211
180 258 249
310 278 239
49 79 322
25 11 326
265 2 62
216 126 172
43 33 295
333 15 219
94 109 167
197 113 152
220 167 20
236 207 236
199 10 147
322 203 83
334 283 21
241 110 170
257 25 66
270 24 319
204 299 304
28 245 148
3 102 245
38 153 234
63 211 118
63 2 120
67 34 259
172 182 337
162 189 119
228 5 150
262 55 69
21 349 172
28 237 14
331 122 336
43 36 103
231 118 246
133 76 278
351 293 18
296 296 115
17 20 143
74 115 147
20 174 295
137 32 195
66 43 231
31 223 256
11 105 93
232 229 260
204 147 271
70 212 192
84 279 103
29 227 156
40 27 203
259 318 118
254 204 136
9 120 292
254 97 237
225 69 291
87 253 59
120 55 303
296 160 350
41 316 96
166 161 241
351 315 272
199 32 95
283 64 247
15 283 194
201 218 273
11 163 235
100 11 348
325 120 316
127 282 70
5 295 305
42 268 217
329 176 73
176 171 357
236 251 191
3 148 351
126 228 254
23 0 336
190 200 5
328 201 55
221 300 284
244 294 312
294 235 2
183 84 16
169 213 265
157 310 217
79 222 120
107 160 221
111 183 43
82 359 128
346 155 181
1 296 261
321 57 347
313 72 350
16 343 253
71 54 198
79 47 66
192 118 149
61 81 140
95 187 161
126 197 303
3 40 311
80 34 132
126 304 295
204 254 343
88 250 248
233 303 143
353 349 65
104 126 29
350 103 118
28 69 149
271 82 308
293 73 315
261 265 217
268 54 174
28 222 331
47 43 346
315 325 137
198 90 93
237 67 256
3 237 72
313 171 280
132 5 173
83 169 343
98 315 144
303 40 203
211 77 348
320 191 309
327 248 322
127 107 345
337 93 231
219 85 196
280 35 276
11 8 190
16 7 179
349 105 343
43 227 130
205 284 232
274 65 281
349 171 218
252 108 148
144 42 69
165 317 341
80 144 330
221 322 222
308 170 106
300 252 93
252 315 11
18 126 181
264 140 95
289 96 17
12 78 237
309 116 254
43 231 116
32 281 338
229 271 345
320 212 122
141 71 304
339 182 19
46 326 37
241 162 50
151 27 303
209 196 291
345 77 265
108 211 82
208 12 231
246 341 334
90 127 129
19 199 198
224 358 299
147 182 196
190 257 13
283 245 47
132 260 158
357 204 148
81 191 278
47 179 19
193 48 81
233 343 314
2 239 119
110 341 132
243 88 122
121 317 106
259 64 55
207 258 357
342 202 164
307 319 173
99 206 205
307 91 25
343 153 40
250 50 222
222 51 219
156 36 7
199 209 330
15 215 315
174 234 308
136 62 173
133 346 51
220 52 232
267 279 81
37 311 26
60 181 19
189 177 33
41 349 152
130 28 52
180 268 153
301 353 228
138 313 350
97 237 140
338 155 162
302 64 180
6 346 0
345 125 36
45 96 211
44 186 238
265 304 286
263 344 0
61 330 106
197 39 248
322 344 347
157 5 16
263 36 198
42 181 198
204 64 190
288 360 163
313 169 322
163 358 53
250 236 118
211 353 156
70 20 145
314 80 284
4 88 223
12 46 53
54 163 189
5 203 4
249 23 206
154 189 0
95 192 281
155 292 137
335 143 278
215 116 313
36 225 106
116 126 173
322 142 238
168 115 237
182 96 200
164 79 108
344 148 72
220 35 232
342 263 356
34 290 188
351 334 27
74 45 83
323 78 273
342 125 113
341 310 272
299 99 182
186 75 202
297 107 55
109 278 349
333 186 49
271 280 77
322 28 339
4 6 218
263 345 263
77 341 280
313 8 250
191 281 293
32 40 187
175 239 101
324 40 72
295 65 242
257 174 191
47 123 80
338 87 37
12 150 178
105 175 255
113 267 147
168 214 359
56 149 170
137 278 270
153 70 98
260 100 285
127 29 62
65 352 97
44 139 218
167 237 324
229 173 172
150 189 229
243 277 74
43 229 272
29 19 195
235 247 90
255 357 354
262 213 111
346 148 296
352 158 93
104 53 287
23 351 212
46 51 134
78 19 118
219 121 170
141 85 7
150 28 282
331 233 106
159 114 102
197 112 116
220 299 153
101 79 238
134 311 265
33 35 218
276 334 271
36 97 13
115 210 245
266 224 89
227 2 124
286 178 182
155 71 195
31 14 48
111 80 268
142 332 144
5 208 188
357 199 45
269 354 11
332 318 103
259 11 40
248 264 3
11 253 81
335 155 157
152 260 234
71 226 128
85 277 2
260 221 157
258 137 114
241 262 83
41 159 73
167 279 334
13 290 47
268 23 79
52 119 334
77 317 20
315 312 23
190 206 237
65 297 92
289 164 98
63 53 349
263 291 131
44 118 198
218 332 49
213 173 358
10 226 83
75 283 182
220 255 177
163 132 345
217 177 212
320 354 248
138 276 280
83 271 129
206 273 258
192 305 254
121 118 106
318 62 170
30 179 244
220 332 20
251 164 358
119 31 264
148 137 220
42 160 85
266 165 323
320 321 149
342 160 140
225 234 165
117 221 25
169 34 262
107 188 317
57 50 319
335 35 312
171 103 243
347 144 126
251 97 279
62 206 192
344 159 225
235 169 275
105 141 353
285 331 37
107 151 154
163 117 215
267 180 119
280 24 3
305 207 253
16 25 293
252 187 353
29 44 288
137 104 319
308 197 276
48 282 73
238 282 348
196 338 209
206 140 147
282 24 290
4 21 321
251 43 124
315 82 56
253 136 41
158 238 99
348 25 319
208 189 53
50 155 11
247 42 49
219 21 193
11 176 236
250 7 185
324 327 321
227 72 212
246 256 338
8 168 307
105 142 83
16 313 191
327 85 26
41 198 267
203 342 254
305 347 233
126 132 248
291 180 113
242 161 161
147 168 254
73 337 235
317 218 330
48 27 306
123 159 202
323 328 348
299 184 16
52 108 34
106 277 227
214 112 308
279 133 338
70 218 348
173 134 186
77 316 357
319 59 297
279 294 6
341 82 213
323 152 132
253 228 288
38 348 228
223 47 329
343 344 92
297 220 292
196 180 67
220 188 112
187 166 154
334 2 174
90 148 29
296 343 345
75 264 346
26 117 130
256 53 205
21 336 263
357 245 346
167 14 325
134 222 140
32 33 265
221 230 250
319 224 23
61 44 26
330 99 140
316 32 211
187 191 116
51 44 255
57 88 143
309 71 279
35 250 39
120 70 306
236 118 133
162 156 339
356 219 320
279 239 193
120 100 167
119 45 69
59 0 153
82 309 175
325 62 73
125 20 187
27 211 258
42 33 291
72 252 229
175 339 78
210 234 338
235 294 179
297 293 41
297 256 1
54 324 148
341 159 179
89 243 156
