31 195 357
269 12 123
270 333 190
233 327 207
321 188 3
263 192 139
246 93 203
179 163 202
25 105 274
33 102 68
15 21 260
260 47 25
89 170 243
38 10 87
223 84 269
32 177 289
232 58 336
14 311 327
251 280 207
135 219 329
256 249 19
107 91 109
199 1 278
209 39 340
315 86 10
65 233 272
56 63 179
139 269 293
39 104 4
93 284 92
25 292 239
348 220 249
80 148 47
84 239 2
310 322 285
135 122 239
70 74 5
91 164 228
283 205 16
134 329 324
8 19 296
266 258 273
9 167 45
193 98 337
210 249 290
337 23 129
37 73 161
50 352 229
229 301 98
347 195 163
196 269 11
167 248 274
213 66 49
95 164 96
171 271 283
264 298 80
16 359 316
127 21 34
200 148 84
8 77 11
167 273 204
240 261 287
226 13 15
84 23 104
155 122 71
185 348 322
270 12 73
211 203 206
191 5 150
88 23 231
134 298 352
210 260 308
177 270 169
135 95 111
113 314 91
278 47 210
269 238 13
44 340 218
313 336 5
39 236 0
247 96 47
253 155 324
153 27 143
331 354 252
266 52 41
138 291 326
178 192 128
142 269 181
13 215 152
332 76 76
181 262 31
264 329 246
64 310 301
257 211 86
257 193 36
52 68 96
55 64 80
357 55 164
230 60 147
34 73 25
212 155 353
208 239 163
116 241 329
330 333 64
297 336 19
237 94 20
299 345 38
60 289 186
90 340 153
248 152 220
171 245 236
244 322 188
106 163 14
270 60 176
86 38 284
239 2 6
91 7 279
192 21 325
298 292 131
304 299 330
356 69 145
123 311 90
182 232 257
283 112 314
16 177 167
103 185 5
200 131 162
151 85 79
143 209 296
307 246 97
152 52 274
160 283 187
87 142 312
257 221 172
64 119 22
338 346 100
154 92 69
65 176 320
278 186 82
284 62 20
359 327 269
275 246 19
68 94 325
81 208 270
57 226 163
357 175 61
206 27 316
255 100 296
47 126 324
175 198 297
345 26 267
20 198 32
29 152 29
316 170 168
87 302 52
128 201 235
102 48 186
142 326 115
66 254 343
77 16 6
334 290 279
320 336 156
65 271 78
118 32 160
41 268 249
6 9 159
154 293 41
60 283 125
206 163 55
268 25 138
140 357 107
181 186 176
189 330 312
90 89 112
31 319 11
163 313 201
88 33 275
335 167 137
194 148 127
319 112 336
278 123 91
128 9 278
32 64 125
152 86 319
155 66 12
226 173 33
8 109 211
62 141 316
139 120 310
190 176 73
228 218 111
289 176 194
257 202 273
74 181 294
0 298 142
308 149 327
94 47 308
244 259 34
74 336 240
55 114 104
343 347 159
308 13 284
198 347 281
101 323 302
142 321 36
165 35 160
244 266 0
16 151 165
160 27 214
41 222 2
304 218 307
7 267 254
318 62 204
182 198 194
310 349 245
6 222 36
179 333 277
307 212 39
242 156 356
18 309 255
102 117 53
235 76 245
56 290 39
124 338 195
188 199 255
152 85 59
267 73 177
357 232 334
170 4 247
297 358 152
278 66 185
256 154 120
43 14 132
104 311 308
188 112 103
42 74 188
266 290 97
164 128 169
261 251 324
220 128 349
68 331 175
292 190 115
97 234 228
269 134 77
326 49 184
188 155 56
183 296 166
232 191 104
202 252 192
349 140 50
131 95 212
273 49 140
20 99 18
149 242 73
280 229 193
94 233 112
179 40 349
339 330 3
257 99 35
287 72 36
337 59 109
176 250 83
349 329 131
12 149 294
99 127 62
345 25 39
248 322 97
78 281 260
42 288 304
135 300 200
220 211 185
54 100 58
243 19 356
242 56 232
82 314 146
4 28 338
87 284 213
188 312 356
61 342 152
342 287 137
264 329 66
265 128 27
158 204 65
144 293 132
217 28 187
87 297 184
9 94 310
321 261 47
192 1 327
200 278 231
196 234 351
206 292 137
173 71 7
337 152 166
152 13 98
252 296 109
82 82 176
235 358 328
135 248 35
68 221 276
315 20 255
347 23 46
201 200 15
234 360 45
22 18 307
287 263 269
98 283 157
269 222 63
244 221 181
183 127 301
180 107 257
167 284 254
335 39 249
155 157 291
300 3 297
360 189 163
259 190 63
223 256 105
26 195 137
343 325 102
206 97 242
213 247 98
341 111 105
90 105 72
169 62 23
15 342 267
42 133 35
87 263 309
337 297 103
283 244 152
318 268 111
116 181 78
119 0 284
283 300 1
344 3 170
9 207 205
165 304 207
313 317 284
161 188 197
144 333 207
43 71 70
120 328 130
102 22 355
282 165 190
52 33 200
47 88 117
175 135 57
131 196 28
18 67 184
113 287 126
43 143 11
61 119 348
200 193 67
173 337 320
189 209 9
212 212 102
87 236 222
340 335 138
346 303 316
223 24 186
327 358 120
126 206 253
200 293 55
120 262 180
0 159 202
353 0 82
5 22 22
273 255 22
35 107 27
123 44 165
60 295 294
35 146 93
65 126 126
172 143 347
266 43 193
160 332 185
210 193 63
30 67 49
78 10 92
138 189 232
24 106 216
111 262 147
224 334 182
197 74 77
150 191 60
252 165 152
298 154 139
44 213 222
331 251 34
55 208 152
153 226 279
219 296 321
175 357 129
59 167 360
313 114 113
27 5 165
96 185 135
39 106 33
288 198 231
178 327 190
344 93 150
133 39 269
344 118 48
160 272 239
227 207 327
84 281 229
236 11 225
114 335 22
40 220 301
64 2 241
237 280 166
143 159 14
21 9 25
170 26 242
232 108 187
106 45 142
342 71 252
108 54 336
101 278 53
4 244 176
59 111 181
170 285 290
304 230 280
226 342 219
19 109 83
330 133 46
45 46 100
9 51 122
64 289 317
69 268 310
208 252 27
304 118 327
111 336 297
153 165 85
321 255 321
303 160 106
13 108 44
236 335 291
292 70 162
132 336 242
56 309 197
274 19 168
119 119 296
290 353 280
37 296 196
99 186 49
237 353 312
74 154 212
224 158 354
190 311 207
99 327 147
68 359 3
282 165 332
241 268 118
253 115 67
250 48 165
221 176 251
319 99 208
14 97 266
292 309 358
351 105 201
97 79 30
139 126 208
32 123 159
102 145 63
12 204 213
290 68 153
102 41 23
258 188 304
69 348 357
182 46 195
83 255 275
77 28 43
200 35 182
166 172 168
360 335 26
69 287 247
50 323 189
19 357 267
127 58 97
310 222 288
162 224 101
262 20 30
50 68 144
135 151 113
3 78 95
25 179 215
338 91 0
58 356 18
254 194 239
120 354 236
323 30 172
78 78 125
90 344 87
285 280 27
280 17 79
160 226 204
129 214 216
325 219 145
158 241 16
210 50 157
130 268 134
137 277 123
202 240 214
330 62 193
12 310 99
109 326 8
203 250 148
264 141 44
19 332 60
328 249 93
356 288 32
236 231 192
331 65 191
360 193 179
109 193 219
215 340 326
250 295 165
21 312 278
152 134 173
268 14 130
130 172 354
214 216 322
293 60 93
231 50 126
283 346 52
287 90 149
199 269 59
42 196 165
99 199 283
176 112 209
258 68 193
101 261 125
209 282 256
253 175 139
310 142 117
309 26 34
275 173 31
112 115 132
161 110 46
329 82 2
193 92 359
336 159 195
138 245 288
53 248 22
315 342 57
254 86 37
219 31 10
25 8 356
359 99 106
13 319 61
99 131 139
228 32 359
5 10 114
70 217 281
284 275 180
80 353 350
158 81 121
27 136 78
99 104 206
142 51 349
236 336 327
330 19 246
263 111 26
23 232 226
263 57 312
337 132 287
118 273 18
16 319 138
266 76 261
112 157 186
151 35 96
38 24 100
290 317 85
95 200 52
345 280 203
67 336 241
210 77 265
144 107 94
155 346 267
253 155 164
241 240 282
302 277 310
345 147 27
333 23 350
189 340 139
274 218 207
235 214 193
295 356 267
111 341 221
98 286 319
309 282 114
298 296 78
6 201 37
302 297 353
76 336 139
156 317 63
99 187 37
245 89 37
19 282 348
348 104 242
188 306 277
334 13 229
332 261 213
282 356 353
354 8 243
112 332 179
244 335 27
244 127 124
177 0 298
55 147 39
0 241 273
354 229 280
326 87 197
87 150 278
242 65 263
34 175 359
88 76 341
151 179 134
196 349 331
336 175 17
239 272 147
204 305 41
281 138 205
262 278 255
240 89 309
57 330 188
6 43 350
215 337 262
40 119 275
357 63 4
73 83 291
244 47 325
18 148 148
70 260 1
6 175 199
122 122 111
311 354 254
199 248 195
328 296 147
227 348 59
97 288 51
156 186 55
210 41 76
117 286 106
268 159 150
117 181 9
334 40 39
68 293 112
7 251 233
118 205 15
128 3 75
360 179 204
159 227 118
101 24 224
80 348 183
189 272 205
11 115 232
66 22 187
315 283 229
315 50 316
172 32 30
189 274 335
252 99 143
169 232 207
298 37 196
252 279 12
299 226 286
260 102 239
132 76 134
79 58 262
42 242 16
326 31 145
38 126 220
109 358 257
297 155 142
81 253 328
33 56 52
329 320 190
240 31 18
45 171 314
103 158 39
244 19 228
85 115 52
58 94 6
352 153 263
248 218 19
20 355 84
258 98 268
331 63 241
346 161 335
269 148 355
292 184 250
86 136 46
57 76 30
258 314 93
29 128 256
169 78 233
138 34 79
326 265 0
303 61 170
287 183 237
61 254 238
4 184 217
215 149 284
117 228 320
347 161 12
170 325 357
193 311 349
322 150 327
286 221 308
109 326 332
149 94 348
80 311 82
318 32 236
158 30 254
11 112 67
263 209 260
304 150 185
352 355 311
1 149 49
303 119 185
132 312 323
111 329 265
170 48 348
40 58 232
120 251 189
38 351 5
259 66 19
170 297 205
219 300 135
292 355 267
285 348 63
124 103 6
167 119 315
93 33 347
94 55 47
207 149 141
163 204 294
274 306 189
213 235 90
320 2 95
116 138 43
203 41 133
68 165 267
209 61 184
291 261 75
239 301 229
125 122 139
4 342 199
4 337 130
18 271 60
34 165 318
35 357 20
33 267 301
116 172 291
83 160 204
42 188 199
333 42 161
116 19 300
154 313 255
211 79 57
294 302 70
125 110 128
224 192 5
90 147 30
319 79 356
204 307 249
262 345 96
183 111 137
98 62 28
140 32 207
243 231 273
68 233 223
212 35 170
247 294 67
224 233 49
57 145 122
278 107 198
59 342 138
143 105 265
357 92 89
315 213 6
147 71 6
294 173 116
79 310 129
175 97 195
160 331 196
314 40 193
30 128 243
263 113 319
295 47 114
63 192 121
185 222 222
254 136 207
200 238 354
14 299 119
268 147 286
97 58 213
123 94 352
310 116 164
83 25 334
152 295 284
317 147 22
89 324 241
326 209 268
312 123 195
267 358 325
310 141 63
204 118 133
261 226 40
290 95 25
209 37 126
101 17 95
179 303 47
216 222 62
236 139 23
99 355 48
145 317 357
311 192 279
183 48 106
161 303 274
129 26 88
226 346 232
220 128 18
179 155 146
306 147 299
105 240 349
177 275 130
306 307 227
251 104 4
314 88 240
72 37 228
356 259 44
244 233 302
240 280 278
130 165 37
349 292 59
157 17 156
71 211 33
319 316 300
211 253 347
46 11 205
3 178 14
66 40 49
334 170 291
293 6 275
169 31 12
37 342 23
333 141 299
3 170 149
323 133 176
194 126 230
328 177 350
307 246 262
333 306 271
153 242 204
65 176 342
213 84 359
90 324 205
252 350 296
267 95 287
192 107 255
39 96 144
181 166 115
151 356 168
352 96 113
337 186 213
208 86 17
9 191 313
76 121 330
179 340 23
335 76 142
187 180 347
47 72 303
314 257 57
133 124 247
170 76 253
146 124 118
309 149 148
175 63 325
277 338 143
289 90 177
288 193 32
197 303 169
78 140 144
269 263 50
284 246 255
356 94 58
205 288 196
31 67 70
352 109 82
142 43 222
164 311 349
148 239 298
330 345 282
273 95 251
171 120 15
87 263 342
286 311 339
242 243 181
194 118 307
13 183 186
167 269 343
3 237 228
28 132 247
246 71 339
31 202 192
158 257 220
236 55 32
320 219 298
65 316 146
337 64 304
20 246 309
315 41 234
31 304 344
312 224 96
39 80 224
118 160 303
116 118 120
98 262 176
21 281 88
359 169 0
145 250 82
287 253 296
24 178 264
8 64 120
190 89 257
269 106 108
357 114 108
353 266 71
71 4 223
2 147 246
75 231 11
358 280 184
52 318 161
252 329 219
127 125 17
172 301 350
268 119 214
291 243 296
53 313 196
98 167 201
299 241 4
140 89 353
312 352 175
90 225 252
331 251 123
34 260 149
331 150 193
205 205 172
16 141 301
271 170 89
151 166 191
259 30 315
124 265 38
38 191 62
68 345 301
98 231 174
319 232 63
43 35 316
294 323 0
193 63 56
291 183 59
224 223 333
343 124 154
174 70 333
350 332 236
213 117 233
303 221 243
11 96 160
144 341 205
110 305 38
298 205 283
186 337 80
178 141 327
8 277 328
74 64 78
87 297 141
228 65 157
246 150 105
52 98 167
17 76 303
288 220 233
73 190 196
51 220 88
175 25 174
281 338 23
59 325 257
329 64 358
100 310 227
222 342 52
35 58 15
172 60 41
98 197 307
193 261 293
126 112 140
254 56 218
70 117 43
132 81 335
219 125 265
147 1 357
334 129 186
350 27 5
99 227 106
91 301 75
324 158 331
33 221 175
201 135 335
158 89 354
304 208 34
127 193 304
327 281 16
147 275 78
64 133 106
351 83 250
33 155 12
251 316 160
326 91 254
72 53 314
151 304 232
89 139 50
65 210 46
273 128 38
21 68 170
119 209 291
25 256 182
16 242 101
195 266 32
358 149 360
176 277 276
215 32 306
0 262 6
43 263 141
238 302 300
319 20 139
237 254 268
284 217 127
216 273 46
152 278 319
162 239 265
259 156 197
80 54 79
189 253 287
25 149 20
80 38 126
113 273 219
115 143 243
30 264 14
10 289 230
29 191 355
88 109 155
245 60 311
271 223 270
334 37 79
129 281 105
309 187 107
28 206 57
265 187 202
202 73 203
328 240 147
60 172 78
305 101 80
153 62 328
331 19 4
57 177 256
313 266 249
30 82 347
294 84 210
104 38 341
182 98 68
307 12 180
187 58 42
90 96 13
79 342 337
222 280 177
226 148 239
239 11 249
103 50 89
167 17 116
81 107 23
254 171 248
30 56 355
354 213 166
15 83 354
30 58 16
340 43 64
203 118 144
132 264 4
144 60 280
156 268 163
261 162 176
285 352 108
165 205 27
293 229 238
339 334 235
316 254 179
205 30 182
328 88 167
142 72 351
301 305 279
83 0 68
186 158 159
264 48 72
311 69 199
50 206 8
347 120 205
149 74 106
336 144 301
145 100 190
210 345 280
167 59 321
245 150 71
281 216 29
178 181 352
70 89 186
51 341 128
113 53 346
317 57 170
20 205 348
115 322 202
15 301 87
12 176 194
357 251 156
206 225 300
152 312 135
229 277 262
327 56 170
134 307 92
356 260 259
79 315 228
15 281 350
292 321 136
82 308 19
74 233 110
94 110 354
302 200 263
238 127 134
12 254 53
172 188 99
7 9 132
270 355 119
165 311 92
96 10 178
302 176 93
352 315 325
357 281 296
353 96 208
39 26 98
343 160 34
249 291 40
285 135 42
246 123 235
98 302 235
4 102 264
95 326 230
14 130 282
291 92 237
346 126 239
142 239 32
169 85 63
175 51 186
160 319 78
311 122 136
229 91 8
22 256 310
31 238 165
316 177 72
272 125 292
237 247 79
134 57 103
258 130 200
281 94 326
155 305 149
125 245 174
261 19 72
127 125 252
249 226 242
354 229 302
355 227 197
181 261 4
118 310 36
247 313 144
359 206 88
197 275 249
233 191 109
154 103 303
327 32 230
161 90 355
62 92 327
188 34 323
346 220 273
318 277 155
110 21 141
231 51 204
354 6 83
279 202 36
170 23 25
358 128 53
221 109 203
310 99 330
223 258 187
29 177 102
81 40 135
312 69 58
145 197 104
116 47 313
53 310 328
299 236 164
104 122 2
41 157 31
318 315 79
309 41 25
160 320 351
109 31 358
285 174 175
358 0 179
264 263 268
91 212 265
66 41 338
38 25 273
303 55 308
17 221 300
304 64 273
70 118 87
203 167 289
327 202 139
274 192 259
186 76 284
98 186 64
349 356 171
55 243 320
209 174 73
214 154 219
39 142 230
41 228 54
133 333 37
18 72 62
100 257 333
21 159 192
167 24 271
13 58 210
331 206 162
135 350 173
217 290 308
38 267 24
352 244 97
253 346 106
222 232 323
263 234 39
338 175 202
121 150 326
63 103 75
291 177 227
261 288 151
357 81 245
338 297 42
152 299 190
135 175 298
297 290 301
343 159 269
219 274 285
115 119 87
103 96 122
253 183 260
63 31 233
360 358 218
281 229 34
145 340 101
107 300 5
250 123 332
166 111 56
12 138 123
223 19 123
200 181 149
55 53 25
350 207 312
149 273 175
115 272 45
157 225 360
214 268 34
263 189 294
114 48 148
65 202 218
76 1 219
236 101 230
268 353 331
51 318 236
144 114 93
45 290 40
83 16 336
122 310 269
190 132 333
112 274 32
261 262 337
176 330 261
35 205 138
354 117 333
195 152 290
257 249 67
43 138 61
58 124 217
56 14 81
339 291 217
32 229 220
233 166 232
317 104 60
31 182 116
193 268 155
214 36 311
262 86 281
13 159 104
322 134 59
315 10 85
87 340 89
29 277 214
322 110 80
319 298 91
144 132 225
61 106 20
249 191 333
332 333 131
187 150 37
145 42 25
86 293 351
33 224 206
163 115 95
1 229 291
124 65 227
242 257 99
147 107 326
211 284 335
333 224 276
13 234 284
169 306 199
191 211 339
57 95 141
152 34 341
63 5 108
112 352 37
208 121 221
39 73 141
111 154 101
75 180 229
276 299 16
303 43 337
224 9 233
342 256 105
237 87 214
190 180 61
200 84 167
160 294 149
84 312 328
271 324 40
180 266 284
37 20 251
205 85 329
140 6 157
178 49 226
359 39 3
356 49 272
306 136 177
97 222 159
102 250 260
291 40 344
94 246 170
331 230 229
244 349 250
64 2 277
196 328 21
325 42 190
244 149 44
215 145 97
204 148 285
173 94 51
131 311 243
242 313 208
4 70 264
95 71 3
61 67 65
282 37 105
80 263 113
252 160 183
65 78 185
272 236 83
307 241 345
200 270 335
145 240 115
53 140 63
240 257 155
303 19 32
35 43 345
123 264 348
37 186 283
77 179 230
105 354 136
288 32 255
159 167 98
245 121 103
113 97 64
49 217 325
208 204 253
52 152 272
124 340 302
299 296 151
33 51 278
231 185 31
34 122 41
136 227 149
157 355 32
186 159 26
299 180 173
51 188 216
3 156 196
210 304 2
308 273 181
338 141 43
299 82 178
198 163 322
319 277 165
26 210 212
300 28 110
261 314 8
356 150 273
57 321 341
339 224 352
317 286 34
269 51 238
186 143 178
257 340 327
43 124 129
250 165 241
97 40 29
335 121 206
123 43 217
13 295 295
310 58 128
96 297 211
51 349 236
210 226 242
313 162 144
162 306 63
147 220 342
218 88 182
320 176 45
116 180 181
179 67 104
170 95 198
228 337 51
115 308 59
179 222 106
160 295 272
43 246 346
127 353 0
330 141 217
344 360 326
338 130 236
173 96 183
81 102 129
234 191 58
198 64 162
47 282 198
227 328 128
277 232 305
234 3 42
105 176 353
317 290 143
196 125 90
231 110 315
123 34 216
254 336 124
111 33 207
253 180 2
94 35 206
114 149 62
268 90 320
251 304 175
158 85 56
240 307 188
48 167 327
147 180 222
263 238 325
114 236 38
321 108 349
351 253 355
184 43 309
298 197 56
213 220 20
166 68 100
233 337 68
141 37 208
136 290 80
168 140 295
79 247 12
266 66 60
112 88 272
4 310 212
200 91 16
41 62 42
220 189 335
355 348 284
344 93 124
358 5 44
63 38 104
270 96 175
142 103 179
349 27 93
103 246 87
245 67 185
5 136 354
159 253 338
259 179 79
223 275 0
292 11 144
296 232 169
215 331 160
126 233 106
289 281 11
111 295 208
172 94 199
281 113 107
232 145 295
55 32 292
186 104 309
174 166 95
204 78 204
246 52 255
310 206 211
17 158 279
314 330 175
36 64 138
266 121 316
248 291 105
59 160 233
333 54 305
217 180 303
345 68 217
251 69 232
134 166 134
193 193 189
99 157 308
325 158 209
260 266 78
23 235 37
106 54 204
341 73 217
54 173 91
87 341 221
99 238 268
34 168 257
227 56 103
18 211 280
256 273 80
226 290 30
29 310 37
230 244 255
114 122 329
324 54 216
86 200 343
37 130 19
347 287 212
64 1 100
319 21 273
87 279 303
254 77 297
325 101 100
359 310 299
269 48 111
160 225 65
330 181 182
14 348 171
194 180 142
231 189 39
112 205 332
179 133 349
198 46 197
333 203 310
135 151 58
286 115 146
314 325 131
135 107 322
323 102 323
178 313 316
224 93 243
161 156 169
62 204 194
124 155 292
100 57 237
252 310 340
256 255 307
277 202 78
276 207 66
75 26 327
74 123 112
225 336 214
234 94 326
212 11 327
155 292 121
217 182 336
54 157 238
347 360 105
128 106 207
191 284 175
97 183 304
248 130 50
332 316 179
142 188 282
343 297 247
80 132 257
190 279 174
285 145 198
157 207 133
257 354 347
210 346 143
103 119 86
356 291 73
201 307 2
350 291 123
20 332 299
207 272 329
226 73 222
14 213 312
70 207 42
303 210 49
193 217 12
33 111 282
238 180 245
234 259 17
354 75 89
0 255 307
207 189 344
310 73 231
33 4 233
299 91 349
143 117 164
189 114 311
186 183 236
3 332 223
160 204 21
238 159 105
173 242 203
127 199 85
355 181 74
198 155 102
99 140 226
54 127 219
45 163 79
274 107 285
221 102 357
261 26 314
314 329 4
132 205 277
138 303 51
315 6 40
304 304 34
177 331 308
185 146 182
130 279 357
213 114 5
111 332 272
340 327 150
286 103 356
141 87 37
244 274 246
356 279 259
90 41 5
316 17 129
104 227 116
39 9 191
144 68 260
74 176 116
41 179 19
138 342 32
338 204 59
252 330 161
326 349 6
163 238 253
225 195 75
41 329 97
253 58 188
308 127 198
287 129 52
166 312 268
201 172 133
253 318 42
41 343 86
109 96 309
263 174 321
70 99 138
129 61 196
3 234 10
176 359 12
233 29 208
359 237 101
207 85 78
290 334 292
253 263 35
233 21 16
64 207 42
180 310 300
156 214 259
203 3 90
250 103 202
64 213 279
196 279 16
202 318 356
72 303 123
146 287 176
190 262 207
231 166 168
201 36 194
170 104 19
36 207 134
79 104 37
35 30 335
199 122 250
23 52 211
23 102 2
95 101 226
24 303 113
53 345 19
314 283 71
328 350 290
90 91 103
103 212 284
70 117 277
350 70 268
109 9 263
247 59 91
42 18 305
154 71 75
322 288 333
289 119 143
178 235 200
118 192 231
51 182 174
153 287 307
48 207 105
242 328 98
118 101 30
194 242 50
157 174 332
115 83 20
319 89 151
107 142 25
65 135 58
105 222 96
105 167 306
281 156 260
238 218 123
135 192 131
103 245 131
194 237 4
315 90 258
325 221 168
144 175 235
101 325 169
42 279 133
136 67 21
29 174 306
63 233 14
48 300 179
284 94 106
72 166 166
84 44 194
115 58 347
269 61 350
71 68 30
359 76 194
40 358 119
140 226 254
296 119 224
316 137 317
260 106 217
3 134 337
39 302 94
66 286 36
297 80 145
107 266 186
164 214 157
188 89 351
164 26 282
100 108 306
321 255 268
287 56 32
305 59 299
234 297 262
288 307 263
177 47 99
297 78 197
282 162 134
100 252 149
214 15 229
58 293 152
61 297 28
21 355 322
176 233 201
48 330 132
146 101 231
314 144 244
359 44 193
182 175 249
196 4 336
9 1 301
176 179 102
230 259 287
259 330 242
225 186 210
138 216 105
256 231 282
2 255 284
203 322 333
198 114 157
283 359 341
214 288 142
50 98 133
93 217 201
263 330 228
256 147 8
306 80 262
123 317 185
349 168 102
182 291 17
34 202 202
224 335 280
183 24 95
103 160 43
105 221 138
223 41 185
133 85 226
210 198 230
242 349 130
153 159 14
97 94 5
339 359 253
90 188 193
122 250 305
330 89 96
127 109 356
15 309 144
70 156 34
356 195 60
259 55 342
22 270 186
212 141 286
51 52 83
82 83 20
40 257 193
135 307 186
112 173 76
281 329 329
218 159 337
71 303 321
13 339 241
245 154 234
33 59 77
273 64 248
167 348 303
199 15 123
115 126 56
342 331 6
335 330 271
35 234 140
189 183 348
272 110 11
309 274 264
208 285 354
222 210 321
28 145 17
176 100 134
347 175 8
235 191 46
243 12 5
181 350 171
162 78 98
346 124 231
110 221 153
228 2 125
266 311 144
179 293 48
39 327 15
247 194 49
203 229 190
18 275 289
124 344 333
106 28 75
34 94 222
142 136 72
302 17 10
39 131 307
284 93 35
43 305 51
183 3 244
62 218 190
239 41 147
110 190 173
304 135 26
211 14 211
185 343 321
318 156 198
128 150 179
121 8 131
97 191 345
83 133 285
322 1 136
272 115 182
186 34 293
263 323 76
128 37 140
262 128 118
291 179 26
90 304 211
319 234 61
4 302 339
97 309 254
185 12 114
226 255 325
16 202 250
110 243 264
123 183 52
115 341 78
71 268 224
23 155 18
57 232 358
245 206 42
64 46 142
15 54 137
237 296 230
180 27 358
43 101 113
120 143 346
173 6 202
248 350 104
207 280 333
328 175 153
168 3 91
324 203 65
29 179 95
130 290 44
314 357 297
229 174 214
148 318 324
305 206 333
286 256 330
5 360 212
76 328 207
351 35 28
90 52 21
126 167 297
77 53 31
284 43 124
291 218 42
164 64 73
2 10 320
89 305 226
23 35 129
314 249 49
187 125 310
143 321 60
358 175 175
141 73 130
111 173 38
288 4 212
115 43 184
104 307 161
101 70 248
120 30 244
351 18 26
232 78 150
146 32 90
172 217 182
275 323 160
37 145 124
270 269 347
316 345 213
147 72 224
260 28 69
107 230 224
316 142 335
53 126 74
12 274 337
305 105 143
198 18 89
78 82 333
159 165 319
55 321 259
94 68 176
75 132 107
205 66 281
46 291 195
93 332 108
119 48 195
7 320 123
278 84 149
160 181 328
194 97 92
318 73 170
143 74 350
96 87 155
13 264 125
