-0.02 -0.07 -0.23
0.05 -0.06 -0.28
0.04 -0.06 -0.28
-0.05 -0.12 -0.45
0.00 -0.01 -0.31
0.04 -0.05 -0.30
-0.01 -0.08 -0.30
-0.02 -0.05 -0.31
-0.04 -0.08 -0.24
-0.01 -0.06 -0.22
-0.03 -0.09 -0.26
0.07 -0.08 -0.27
0.08 -0.05 -0.28
0.00 -0.05 -0.23
-0.00 -0.15 -0.47
-0.03 -0.08 -0.23
-0.05 -0.11 -0.45
-0.03 -0.10 -0.26
0.02 -0.07 -0.27
-0.00 -0.07 -0.25
0.04 -0.07 -0.27
0.06 -0.07 -0.29
0.00 -0.12 -0.29
0.02 -0.11 -0.32
0.00 -0.01 -0.37
0.04 -0.05 -0.23
0.00 -0.04 -0.22
-0.02 -0.09 -0.23
0.00 -0.04 -0.22
0.06 -0.04 -0.30
-0.02 -0.08 -0.23
0.01 -0.08 -0.27
0.05 -0.04 -0.25
0.07 -0.04 -0.26
0.01 -0.03 -0.42
0.01 -0.07 -0.25
0.04 -0.05 -0.23
0.04 -0.05 -0.29
0.08 -0.06 -0.28
0.01 -0.06 -0.24
-0.02 -0.06 -0.28
0.04 -0.06 -0.28
-0.02 -0.09 -0.27
-0.00 -0.07 -0.27
0.01 -0.12 -0.33
0.01 -0.05 -0.25
-0.04 -0.08 -0.23
0.04 -0.04 -0.21
-0.06 -0.13 -0.51
0.01 -0.08 -0.26
-0.00 -0.10 -0.29
0.01 -0.06 -0.28
0.01 -0.14 -0.37
0.08 -0.05 -0.30
-0.01 -0.11 -0.28
0.05 -0.05 -0.29
-0.03 -0.06 -0.25
-0.00 -0.08 -0.25
-0.01 -0.09 -0.27
-0.02 -0.05 -0.28
-0.01 -0.06 -0.28
-0.01 -0.08 -0.32
-0.03 -0.16 -0.53
0.06 -0.03 -0.27
0.00 -0.08 -0.25
-0.01 -0.04 -0.29
0.06 -0.05 -0.27
0.01 -0.12 -0.33
-0.01 -0.10 -0.28
0.04 -0.05 -0.28
-0.00 -0.07 -0.24
0.01 -0.12 -0.33
0.01 -0.06 -0.31
0.01 -0.07 -0.25
0.05 -0.07 -0.27
0.03 -0.06 -0.27
0.04 -0.06 -0.28
0.01 -0.05 -0.22
0.01 -0.01 -0.41
-0.01 -0.05 -0.21
-0.00 -0.10 -0.29
0.01 -0.06 -0.27
-0.01 -0.06 -0.25
-0.00 -0.04 -0.24
0.05 -0.05 -0.29
-0.01 -0.07 -0.23
-0.01 -0.06 -0.31
-0.01 -0.08 -0.25
-0.01 -0.04 -0.24
0.02 -0.01 -0.26
-0.02 -0.06 -0.30
0.04 -0.05 -0.30
0.04 -0.06 -0.21
0.06 -0.09 -0.27
0.06 -0.09 -0.28
0.01 -0.06 -0.21
0.02 -0.04 -0.22
0.00 -0.07 -0.30
-0.05 -0.13 -0.49
-0.01 -0.05 -0.22
0.00 -0.13 -0.34
0.01 -0.13 -0.32
0.04 -0.08 -0.27
-0.00 -0.00 -0.27
0.06 -0.05 -0.34
-0.05 -0.11 -0.38
0.05 -0.05 -0.35
0.04 -0.06 -0.21
0.05 -0.05 -0.28
-0.01 -0.09 -0.31
0.00 -0.07 -0.29
-0.02 -0.09 -0.32
0.06 -0.07 -0.29
0.05 -0.06 -0.28
0.07 -0.04 -0.27
-0.03 -0.09 -0.37
0.07 -0.05 -0.28
-0.01 -0.07 -0.27
0.10 -0.04 -0.37
0.04 -0.05 -0.38
0.00 -0.07 -0.30
0.02 -0.07 -0.25
-0.02 -0.08 -0.30
0.08 -0.07 -0.27
-0.03 -0.07 -0.25
0.08 -0.07 -0.29
0.00 -0.13 -0.29
0.00 -0.06 -0.25
-0.01 -0.08 -0.24
0.04 -0.04 -0.42
-0.00 -0.07 -0.25
-0.01 -0.07 -0.26
0.04 -0.05 -0.27
0.05 -0.09 -0.28
0.04 -0.05 -0.23
0.01 -0.03 -0.25
-0.01 -0.08 -0.25
0.05 -0.05 -0.23
0.01 -0.07 -0.25
0.08 -0.05 -0.29
-0.01 -0.04 -0.31
0.03 -0.05 -0.28
0.03 -0.06 -0.23
0.03 -0.06 -0.24
-0.00 -0.05 -0.22
0.00 -0.07 -0.31
0.01 -0.11 -0.30
0.05 -0.07 -0.25
0.00 -0.05 -0.21
0.00 -0.04 -0.31
0.02 -0.08 -0.25
-0.01 -0.05 -0.24
-0.02 -0.07 -0.23
0.00 -0.02 -0.36
0.03 -0.05 -0.27
0.01 -0.05 -0.26
0.06 -0.09 -0.30
-0.01 -0.06 -0.24
0.03 -0.06 -0.23
0.04 -0.04 -0.25
0.00 -0.03 -0.25
-0.00 -0.02 -0.31
0.02 -0.06 -0.22
0.03 -0.07 -0.26
-0.01 -0.07 -0.22
-0.02 -0.05 -0.28
0.01 -0.07 -0.25
0.05 -0.04 -0.22
0.00 -0.11 -0.31
0.08 -0.06 -0.28
-0.03 -0.09 -0.24
-0.01 -0.06 -0.30
-0.02 -0.08 -0.28
0.05 -0.06 -0.28
-0.02 -0.08 -0.23
0.01 -0.08 -0.27
0.09 -0.06 -0.28
0.01 -0.04 -0.24
-0.01 -0.09 -0.28
-0.00 -0.01 -0.33
0.05 -0.06 -0.27
0.04 -0.05 -0.25
-0.03 -0.05 -0.23
0.00 -0.07 -0.25
-0.01 -0.08 -0.25
-0.01 -0.14 -0.52
-0.02 -0.09 -0.27
0.01 -0.05 -0.22
-0.03 -0.08 -0.24
-0.01 -0.09 -0.27
-0.07 -0.13 -0.54
0.07 -0.05 -0.29
0.07 -0.09 -0.27
0.02 -0.05 -0.24
-0.01 -0.07 -0.31
0.03 -0.04 -0.43
0.09 -0.05 -0.30
0.00 -0.09 -0.30
0.01 -0.06 -0.24
0.02 -0.05 -0.22
0.01 -0.06 -0.24
0.03 -0.04 -0.44
0.00 -0.10 -0.28
0.06 -0.08 -0.30
0.00 -0.06 -0.24
-0.00 -0.06 -0.28
-0.00 -0.08 -0.30
-0.02 -0.07 -0.25
-0.01 -0.08 -0.26
-0.03 -0.07 -0.23
0.05 -0.03 -0.41
-0.02 -0.08 -0.28
0.00 -0.01 -0.33
-0.02 -0.07 -0.30
0.01 -0.03 -0.43
-0.01 -0.06 -0.28
-0.00 -0.05 -0.30
0.05 -0.04 -0.42
-0.03 -0.09 -0.34
-0.02 -0.05 -0.25
0.06 -0.09 -0.30
-0.06 -0.11 -0.42
-0.00 -0.04 -0.21
0.01 -0.06 -0.26
-0.02 -0.07 -0.27
-0.01 -0.08 -0.24
0.05 -0.07 -0.27
0.01 -0.06 -0.30
-0.00 -0.08 -0.28
0.06 -0.04 -0.33
0.07 -0.06 -0.27
0.02 -0.07 -0.27
0.00 -0.04 -0.22
0.09 -0.07 -0.29
-0.01 -0.07 -0.28
-0.04 -0.07 -0.22
0.05 -0.05 -0.29
-0.00 -0.09 -0.26
0.04 -0.06 -0.29
-0.00 -0.15 -0.44
0.03 -0.05 -0.24
0.08 -0.04 -0.31
0.06 -0.04 -0.31
0.04 -0.06 -0.29
0.00 -0.02 -0.28
-0.01 -0.07 -0.28
-0.02 -0.06 -0.30
-0.06 -0.11 -0.46
0.02 -0.11 -0.29
0.01 -0.11 -0.26
0.03 -0.06 -0.25
0.01 -0.05 -0.27
-0.03 -0.08 -0.24
0.01 -0.06 -0.25
0.07 -0.06 -0.28
0.09 -0.05 -0.30
-0.01 -0.04 -0.31
0.01 -0.05 -0.25
0.05 -0.08 -0.28
0.08 -0.05 -0.30
0.01 -0.04 -0.24
-0.00 -0.07 -0.30
0.01 -0.06 -0.27
-0.02 -0.07 -0.26
0.08 -0.06 -0.31
0.02 -0.06 -0.26
-0.01 -0.08 -0.30
0.04 -0.06 -0.24
-0.01 -0.05 -0.22
0.02 -0.05 -0.25
0.00 -0.12 -0.40
0.02 -0.06 -0.21
-0.02 -0.08 -0.32
-0.03 -0.10 -0.34
0.05 -0.05 -0.25
-0.02 -0.05 -0.29
0.04 -0.04 -0.27
-0.01 -0.09 -0.29
0.01 -0.06 -0.21
0.01 -0.06 -0.25
0.06 -0.04 -0.29
0.06 -0.06 -0.28
-0.03 -0.09 -0.25
-0.03 -0.09 -0.23
-0.00 -0.14 -0.38
0.08 -0.04 -0.28
-0.01 -0.05 -0.27
0.00 -0.01 -0.31
-0.00 -0.06 -0.27
-0.00 -0.11 -0.29
-0.00 -0.08 -0.28
0.01 -0.12 -0.31
-0.01 -0.10 -0.29
0.02 -0.05 -0.25
-0.01 -0.08 -0.25
0.02 -0.07 -0.28
0.06 -0.05 -0.26
-0.05 -0.10 -0.40
-0.01 -0.06 -0.25
0.05 -0.05 -0.24
0.00 0.02 -0.40
0.01 -0.08 -0.26
0.01 -0.12 -0.29
-0.03 -0.10 -0.41
-0.01 -0.05 -0.24
0.08 -0.05 -0.29
0.08 -0.06 -0.31
0.04 -0.06 -0.28
-0.01 -0.08 -0.30
-0.01 -0.04 -0.30
-0.03 -0.05 -0.30
-0.00 -0.08 -0.28
0.00 -0.02 -0.26
-0.01 -0.06 -0.25
0.05 -0.04 -0.36
-0.01 -0.03 -0.31
0.05 -0.08 -0.29
0.00 -0.15 -0.48
-0.01 -0.06 -0.23
0.01 -0.08 -0.24
0.01 -0.12 -0.30
0.01 -0.17 -0.37
0.02 -0.08 -0.24
0.04 -0.05 -0.28
-0.00 -0.08 -0.29
-0.03 -0.08 -0.25
-0.01 -0.05 -0.23
0.05 -0.04 -0.28
0.01 -0.03 -0.25
0.05 -0.06 -0.28
0.01 -0.02 -0.32
0.04 -0.06 -0.27
0.02 -0.07 -0.26
0.08 -0.06 -0.28
0.03 -0.08 -0.26
-0.01 -0.07 -0.27
-0.01 -0.08 -0.27
0.00 -0.03 -0.37
-0.01 -0.06 -0.27
-0.03 -0.09 -0.24
0.00 -0.05 -0.21
0.04 -0.06 -0.26
0.06 -0.07 -0.30
0.05 -0.05 -0.27
0.00 -0.04 -0.22
-0.00 -0.05 -0.21
-0.00 -0.08 -0.30
0.01 -0.07 -0.25
-0.02 -0.06 -0.25
0.05 -0.08 -0.27
-0.02 -0.05 -0.22
0.04 -0.05 -0.22
0.00 -0.12 -0.29
0.00 -0.07 -0.29
-0.01 -0.05 -0.28
0.02 -0.14 -0.34
0.07 -0.05 -0.27
0.00 -0.06 -0.25
0.02 -0.09 -0.25
-0.01 -0.16 -0.48
-0.00 -0.00 -0.29
0.03 -0.06 -0.25
0.00 -0.12 -0.30
0.02 -0.06 -0.26
-0.01 -0.06 -0.30
0.00 -0.07 -0.29
-0.02 -0.05 -0.28
0.04 -0.04 -0.28
-0.02 -0.07 -0.22
0.03 -0.06 -0.25
0.01 -0.05 -0.22
-0.02 -0.06 -0.23
0.05 -0.05 -0.22
0.00 -0.06 -0.29
0.08 -0.06 -0.28
0.00 -0.08 -0.26
-0.00 -0.12 -0.33
-0.02 -0.06 -0.23
0.04 -0.06 -0.24
-0.02 -0.07 -0.24
-0.02 -0.06 -0.24
0.05 -0.06 -0.28
-0.01 -0.15 -0.48
-0.00 -0.09 -0.28
-0.01 -0.08 -0.24
0.02 -0.07 -0.28
0.06 -0.04 -0.35
0.00 -0.06 -0.22
0.00 -0.01 -0.27
0.01 -0.04 -0.22
-0.01 -0.07 -0.25
-0.01 -0.13 -0.40
0.00 -0.07 -0.30
-0.01 -0.06 -0.22
0.00 -0.02 -0.38
-0.01 -0.06 -0.24
0.07 -0.04 -0.31
0.00 -0.07 -0.22
0.07 -0.05 -0.30
-0.00 -0.04 -0.31
0.03 -0.06 -0.26
0.02 -0.06 -0.25
0.01 -0.09 -0.24
-0.01 -0.09 -0.25
-0.03 -0.14 -0.50
0.04 -0.04 -0.27
-0.05 -0.11 -0.40
0.01 -0.07 -0.27
-0.03 -0.06 -0.23
0.02 -0.05 -0.22
-0.04 -0.11 -0.38
-0.00 -0.08 -0.24
-0.03 -0.09 -0.25
0.00 -0.08 -0.28
-0.05 -0.12 -0.46
0.06 -0.07 -0.29
0.01 -0.06 -0.25
0.05 -0.07 -0.29
0.06 -0.08 -0.30
-0.01 -0.06 -0.29
0.01 -0.05 -0.22
-0.01 -0.10 -0.28
0.06 -0.04 -0.41
-0.01 -0.13 -0.51
-0.03 -0.07 -0.25
0.00 -0.02 -0.26
-0.02 -0.06 -0.22
-0.02 -0.07 -0.27
0.04 -0.05 -0.22
0.05 -0.04 -0.23
0.01 -0.13 -0.33
0.04 -0.06 -0.38
0.04 -0.07 -0.27
-0.01 -0.06 -0.25
0.01 -0.01 -0.31
0.05 -0.05 -0.38
-0.04 -0.10 -0.27
-0.05 -0.10 -0.40
0.08 -0.05 -0.32
-0.02 -0.08 -0.24
0.00 -0.05 -0.21
0.03 -0.05 -0.28
0.03 -0.07 -0.26
0.09 -0.06 -0.32
-0.01 -0.06 -0.23
0.03 -0.06 -0.31
-0.04 -0.10 -0.38
0.05 -0.06 -0.23
-0.01 -0.15 -0.48
-0.01 -0.07 -0.28
0.07 -0.04 -0.31
0.06 -0.06 -0.22
0.07 -0.06 -0.27
-0.03 -0.10 -0.35
0.03 -0.07 -0.28
0.01 -0.08 -0.28
-0.00 -0.14 -0.43
-0.01 -0.01 -0.34
-0.02 -0.08 -0.26
0.08 -0.05 -0.32
0.01 -0.08 -0.28
0.05 -0.05 -0.31
-0.03 -0.07 -0.24
-0.00 -0.06 -0.23
0.04 -0.09 -0.30
-0.03 -0.08 -0.26
0.08 -0.05 -0.31
0.03 -0.06 -0.30
0.06 -0.08 -0.28
0.02 -0.06 -0.23
-0.03 -0.05 -0.30
0.08 -0.05 -0.26
0.06 -0.05 -0.24
-0.01 -0.09 -0.29
0.01 -0.03 -0.28
-0.02 -0.06 -0.31
0.05 -0.04 -0.23
0.02 -0.06 -0.21
-0.02 -0.04 -0.25
0.02 -0.06 -0.25
-0.00 -0.02 -0.41
-0.01 -0.10 -0.26
0.04 -0.05 -0.29
0.02 -0.05 -0.22
-0.01 -0.07 -0.24
-0.01 -0.05 -0.29
-0.01 -0.04 -0.23
0.01 -0.04 -0.25
0.02 -0.06 -0.22
0.04 -0.08 -0.27
0.04 -0.08 -0.26
-0.01 -0.03 -0.28
0.07 -0.05 -0.25
0.05 -0.07 -0.28
0.05 -0.06 -0.27
0.07 -0.05 -0.28
0.00 -0.08 -0.26
-0.01 -0.08 -0.25
0.01 -0.02 -0.29
0.00 -0.06 -0.26
0.01 -0.13 -0.33
0.04 -0.06 -0.25
0.01 -0.07 -0.25
-0.01 -0.11 -0.30
0.01 -0.02 -0.26
-0.02 -0.07 -0.26
0.06 -0.07 -0.28
0.00 -0.12 -0.29
0.06 -0.05 -0.29
-0.02 -0.07 -0.25
0.00 -0.03 -0.25
0.01 -0.03 -0.30
-0.04 -0.10 -0.38
0.01 -0.01 -0.26
-0.01 -0.06 -0.31
0.04 -0.07 -0.29
0.01 -0.14 -0.38
0.01 -0.08 -0.29
-0.04 -0.07 -0.25
-0.02 -0.08 -0.24
0.07 -0.06 -0.28
0.01 -0.07 -0.24
0.01 -0.11 -0.36
0.06 -0.05 -0.31
-0.04 -0.11 -0.46
0.08 -0.05 -0.29
0.06 -0.06 -0.29
0.00 -0.09 -0.28
-0.02 -0.07 -0.22
0.08 -0.05 -0.31
-0.00 -0.06 -0.30
0.06 -0.07 -0.27
0.07 -0.08 -0.30
0.01 -0.13 -0.32
0.04 -0.06 -0.26
0.01 -0.03 -0.43
0.02 -0.03 -0.44
0.02 -0.06 -0.27
0.02 -0.07 -0.28
-0.01 -0.10 -0.26
-0.00 -0.01 -0.27
-0.01 -0.11 -0.27
0.00 -0.05 -0.23
0.01 -0.07 -0.25
0.02 -0.04 -0.22
0.01 -0.01 -0.37
0.02 -0.06 -0.27
-0.00 -0.14 -0.40
-0.04 -0.06 -0.24
-0.01 -0.05 -0.31
-0.03 -0.07 -0.26
0.08 -0.05 -0.31
-0.05 -0.13 -0.53
-0.02 -0.08 -0.28
0.03 -0.06 -0.23
0.06 -0.06 -0.28
0.03 -0.05 -0.24
0.01 -0.07 -0.26
-0.03 -0.07 -0.24
0.08 -0.06 -0.31
-0.01 -0.07 -0.24
-0.04 -0.11 -0.39
0.01 -0.02 -0.25
0.08 -0.05 -0.29
-0.02 -0.08 -0.24
0.06 -0.05 -0.29
0.02 -0.05 -0.24
0.03 -0.07 -0.27
-0.03 -0.07 -0.25
0.07 -0.05 -0.28
0.02 -0.07 -0.28
0.01 -0.05 -0.25
0.01 -0.04 -0.22
0.07 -0.05 -0.30
0.05 -0.05 -0.30
0.01 -0.10 -0.24
0.02 -0.05 -0.23
0.01 -0.13 -0.33
-0.00 -0.08 -0.24
-0.02 -0.08 -0.25
0.00 -0.08 -0.28
-0.04 -0.09 -0.35
0.04 -0.05 -0.37
0.01 -0.07 -0.25
0.01 -0.00 -0.26
-0.01 -0.08 -0.28
0.03 -0.06 -0.27
-0.04 -0.10 -0.40
0.07 -0.05 -0.32
0.05 -0.07 -0.28
0.05 -0.04 -0.31
0.01 -0.04 -0.42
0.06 -0.05 -0.34
-0.03 -0.05 -0.28
0.04 -0.04 -0.38
0.05 -0.06 -0.24
-0.01 -0.07 -0.25
0.04 -0.06 -0.31
-0.00 -0.08 -0.31
-0.04 -0.09 -0.24
0.02 -0.06 -0.27
-0.02 -0.07 -0.28
0.01 -0.04 -0.24
-0.00 -0.03 -0.24
0.05 -0.06 -0.27
0.01 -0.06 -0.29
0.03 -0.08 -0.27
0.00 -0.08 -0.30
-0.01 -0.08 -0.31
-0.01 -0.08 -0.30
0.02 -0.05 -0.22
-0.01 -0.09 -0.30
0.01 -0.08 -0.29
-0.01 0.00 -0.29
0.07 -0.05 -0.28
-0.03 -0.10 -0.34
-0.00 -0.05 -0.23
0.05 -0.06 -0.28
-0.01 -0.08 -0.25
0.00 -0.10 -0.28
0.02 -0.06 -0.23
-0.03 -0.10 -0.36
0.00 -0.12 -0.31
0.05 -0.06 -0.28
0.02 -0.06 -0.30
-0.04 -0.09 -0.35
0.01 -0.05 -0.21
-0.02 -0.06 -0.28
-0.00 -0.13 -0.37
-0.03 -0.05 -0.23
-0.00 -0.06 -0.31
0.03 -0.06 -0.24
-0.01 -0.10 -0.32
-0.02 -0.06 -0.25
0.02 -0.05 -0.24
-0.02 -0.06 -0.27
0.02 -0.06 -0.26
0.00 -0.04 -0.39
-0.01 -0.08 -0.28
-0.00 -0.03 -0.26
-0.02 -0.14 -0.52
0.05 -0.05 -0.31
0.00 -0.06 -0.26
0.00 -0.13 -0.34
0.04 -0.07 -0.27
0.05 -0.06 -0.28
0.02 -0.08 -0.27
0.00 -0.03 -0.25
0.05 -0.06 -0.23
-0.02 -0.07 -0.28
0.02 -0.06 -0.26
-0.00 -0.07 -0.25
-0.01 -0.04 -0.31
-0.00 -0.08 -0.25
0.05 -0.08 -0.30
0.06 -0.05 -0.24
-0.02 -0.08 -0.28
-0.02 -0.06 -0.27
0.07 -0.05 -0.22
0.01 -0.00 -0.37
-0.01 -0.01 -0.37
-0.00 -0.07 -0.29
-0.01 -0.09 -0.28
0.05 -0.06 -0.26
0.01 -0.07 -0.28
0.05 -0.05 -0.34
-0.01 -0.08 -0.29
0.05 -0.04 -0.35
0.06 -0.08 -0.28
-0.00 -0.06 -0.25
0.05 -0.04 -0.25
-0.01 -0.07 -0.23
-0.00 -0.03 -0.26
-0.01 -0.04 -0.22
0.05 -0.07 -0.28
0.08 -0.05 -0.35
0.06 -0.05 -0.24
-0.02 -0.06 -0.23
0.00 -0.04 -0.25
-0.02 -0.09 -0.34
-0.01 -0.04 -0.22
0.06 -0.06 -0.29
-0.03 -0.09 -0.33
0.06 -0.05 -0.26
0.02 -0.05 -0.22
0.01 -0.06 -0.28
0.00 -0.08 -0.29
-0.03 -0.08 -0.24
0.06 -0.08 -0.27
0.01 -0.04 -0.25
0.02 -0.08 -0.26
0.04 -0.06 -0.28
0.08 -0.05 -0.33
0.05 -0.06 -0.28
0.01 -0.06 -0.22
0.05 -0.08 -0.28
-0.02 -0.07 -0.24
0.01 -0.07 -0.28
-0.02 -0.08 -0.24
-0.01 -0.02 -0.28
0.05 -0.04 -0.38
0.07 -0.06 -0.29
0.00 -0.06 -0.22
-0.02 -0.07 -0.29
0.01 -0.14 -0.36
0.02 -0.07 -0.26
0.02 -0.08 -0.26
0.00 -0.07 -0.28
-0.00 -0.10 -0.29
0.00 -0.02 -0.29
0.05 -0.06 -0.28
0.05 -0.07 -0.28
-0.01 -0.08 -0.24
0.04 -0.05 -0.25
-0.00 0.01 -0.35
-0.02 -0.09 -0.25
-0.02 -0.05 -0.26
0.09 -0.05 -0.28
0.04 -0.03 -0.39
0.01 -0.07 -0.28
-0.02 -0.03 -0.30
0.07 -0.03 -0.40
-0.02 -0.07 -0.24
0.06 -0.07 -0.27
0.00 -0.08 -0.28
-0.00 -0.07 -0.22
0.04 -0.07 -0.26
-0.03 -0.07 -0.23
0.06 -0.08 -0.28
0.00 -0.06 -0.29
0.01 -0.16 -0.44
0.08 -0.05 -0.32
0.08 -0.06 -0.29
0.03 -0.07 -0.26
-0.00 -0.09 -0.27
0.08 -0.06 -0.29
0.11 -0.05 -0.30
0.01 -0.13 -0.33
-0.00 -0.08 -0.26
0.04 -0.06 -0.28
0.01 -0.12 -0.35
0.01 -0.01 -0.31
0.04 -0.07 -0.27
0.01 -0.10 -0.30
0.03 -0.04 -0.23
0.02 -0.13 -0.33
0.08 -0.05 -0.32
-0.04 -0.09 -0.35
0.03 -0.07 -0.25
-0.02 -0.07 -0.28
-0.02 -0.07 -0.28
-0.03 -0.07 -0.25
-0.03 -0.07 -0.23
-0.01 -0.06 -0.23
-0.01 -0.07 -0.22
0.03 -0.08 -0.27
0.06 -0.05 -0.26
-0.01 -0.07 -0.22
0.00 -0.04 -0.25
0.01 -0.07 -0.27
-0.01 -0.11 -0.24
0.02 -0.15 -0.35
0.05 -0.04 -0.31
0.02 -0.05 -0.25
-0.00 -0.14 -0.47
0.05 -0.06 -0.28
-0.00 -0.02 -0.32
0.00 -0.10 -0.30
0.07 -0.05 -0.29
-0.01 -0.06 -0.30
0.03 -0.04 -0.31
-0.00 -0.07 -0.25
-0.01 -0.09 -0.31
0.04 -0.05 -0.23
0.01 -0.11 -0.33
0.02 -0.07 -0.28
0.00 -0.14 -0.48
0.01 -0.04 -0.22
0.04 -0.06 -0.26
0.03 -0.05 -0.22
-0.02 -0.08 -0.24
-0.00 -0.05 -0.31
0.01 0.00 -0.38
-0.02 -0.08 -0.24
0.07 -0.05 -0.33
0.06 -0.06 -0.24
0.00 -0.05 -0.30
-0.01 -0.09 -0.26
-0.00 -0.01 -0.38
-0.05 -0.10 -0.24
0.05 -0.06 -0.29
0.07 -0.05 -0.33
0.04 -0.05 -0.22
-0.02 -0.07 -0.29
0.02 -0.06 -0.27
-0.00 -0.08 -0.27
-0.01 -0.06 -0.25
0.05 -0.05 -0.28
0.08 -0.05 -0.31
-0.01 -0.07 -0.25
0.01 -0.04 -0.41
0.07 -0.04 -0.26
-0.03 -0.09 -0.24
-0.00 -0.02 -0.33
0.04 -0.06 -0.27
-0.00 -0.00 -0.29
0.00 -0.03 -0.38
0.03 -0.06 -0.29
0.01 -0.01 -0.44
0.01 -0.12 -0.30
0.06 -0.06 -0.28
0.08 -0.06 -0.30
0.01 -0.10 -0.31
0.07 -0.07 -0.30
-0.01 -0.07 -0.30
0.01 -0.13 -0.37
-0.04 -0.10 -0.39
0.09 -0.05 -0.31
0.00 -0.07 -0.25
0.02 -0.01 -0.42
-0.02 -0.05 -0.30
-0.01 -0.08 -0.26
0.01 -0.07 -0.25
-0.02 -0.17 -0.53
0.01 -0.15 -0.43
-0.02 -0.05 -0.31
0.04 -0.04 -0.40
0.06 -0.07 -0.29
0.00 -0.08 -0.30
0.04 -0.06 -0.39
-0.00 -0.07 -0.28
-0.00 -0.02 -0.37
0.06 -0.06 -0.23
0.01 -0.08 -0.30
-0.03 -0.10 -0.33
-0.02 -0.10 -0.33
0.02 -0.06 -0.25
0.01 -0.08 -0.27
-0.02 -0.08 -0.25
0.04 -0.06 -0.23
-0.01 -0.02 -0.32
-0.00 -0.14 -0.34
-0.00 -0.07 -0.21
-0.02 -0.04 -0.29
0.03 -0.06 -0.23
-0.01 -0.01 -0.26
0.07 -0.06 -0.31
-0.00 -0.09 -0.27
-0.02 -0.05 -0.22
0.00 -0.02 -0.25
-0.03 -0.04 -0.29
-0.00 -0.01 -0.30
-0.00 -0.12 -0.28
0.00 -0.02 -0.26
0.03 -0.05 -0.40
0.01 -0.04 -0.25
0.00 -0.06 -0.25
0.03 -0.05 -0.23
0.01 -0.13 -0.35
0.08 -0.05 -0.28
0.03 -0.07 -0.27
0.05 -0.07 -0.27
-0.01 -0.11 -0.28
-0.02 -0.05 -0.22
-0.02 -0.08 -0.30
-0.00 -0.09 -0.24
0.01 -0.08 -0.28
0.02 -0.03 -0.25
0.01 -0.11 -0.31
-0.03 -0.06 -0.27
0.06 -0.05 -0.24
-0.01 -0.04 -0.31
0.02 -0.04 -0.24
-0.02 -0.07 -0.28
-0.03 -0.07 -0.22
-0.01 -0.03 -0.35
0.00 -0.05 -0.25
-0.00 -0.06 -0.29
-0.01 -0.08 -0.24
0.01 -0.03 -0.43
0.01 -0.06 -0.30
0.03 -0.06 -0.27
0.08 -0.05 -0.30
0.12 -0.05 -0.33
0.00 -0.09 -0.28
0.08 -0.04 -0.24
0.04 -0.06 -0.28
0.09 -0.06 -0.29
0.01 -0.06 -0.30
-0.00 -0.12 -0.30
-0.02 -0.08 -0.23
0.01 -0.09 -0.27
0.00 -0.06 -0.25
-0.01 -0.08 -0.27
-0.01 -0.06 -0.24
-0.01 -0.01 -0.27
0.04 -0.06 -0.27
0.01 -0.08 -0.29
0.04 -0.05 -0.27
0.07 -0.06 -0.30
-0.03 -0.09 -0.33
-0.01 -0.10 -0.28
-0.02 -0.07 -0.25
-0.00 -0.07 -0.27
-0.02 -0.03 -0.29
-0.04 -0.07 -0.24
0.01 -0.08 -0.29
0.02 -0.03 -0.22
-0.00 -0.08 -0.26
-0.04 -0.09 -0.38
0.01 -0.01 -0.31
0.01 -0.05 -0.22
0.01 -0.03 -0.25
-0.01 -0.05 -0.23
-0.01 -0.02 -0.36
-0.01 -0.07 -0.23
0.01 -0.03 -0.40
-0.01 -0.06 -0.21
0.00 -0.07 -0.26
0.03 -0.08 -0.27
0.07 -0.04 -0.31
-0.02 -0.08 -0.24
-0.01 -0.02 -0.31
-0.02 -0.08 -0.25
0.07 -0.05 -0.28
-0.02 -0.06 -0.24
-0.02 -0.08 -0.28
-0.00 -0.10 -0.28
0.04 -0.07 -0.28
0.00 -0.05 -0.31
0.02 -0.08 -0.29
0.06 -0.06 -0.23
-0.01 -0.04 -0.30
0.05 -0.05 -0.24
0.00 -0.05 -0.31
0.02 -0.04 -0.22
0.01 -0.07 -0.28
0.00 -0.07 -0.25
0.00 -0.06 -0.29
0.09 -0.06 -0.28
0.05 -0.06 -0.29
0.01 -0.05 -0.22
0.05 -0.06 -0.31
0.05 -0.05 -0.35
0.00 -0.06 -0.25
0.02 -0.02 -0.40
0.06 -0.04 -0.28
-0.00 -0.04 -0.24
-0.03 -0.08 -0.22
-0.01 -0.05 -0.25
0.00 -0.14 -0.32
-0.02 -0.03 -0.25
0.07 -0.05 -0.28
-0.00 -0.06 -0.25
0.06 -0.08 -0.27
0.01 -0.06 -0.26
-0.03 -0.07 -0.23
0.04 -0.04 -0.23
0.05 -0.04 -0.31
0.00 -0.01 -0.33
-0.01 -0.06 -0.22
0.08 -0.04 -0.33
-0.01 -0.11 -0.28
0.07 -0.05 -0.31
-0.01 -0.14 -0.47
0.02 -0.08 -0.24
0.01 -0.07 -0.29
0.01 -0.07 -0.27
0.01 -0.11 -0.34
0.06 -0.05 -0.38
-0.03 -0.06 -0.26
-0.02 -0.06 -0.24
0.07 -0.07 -0.28
0.05 -0.04 -0.35
-0.02 -0.09 -0.29
-0.01 -0.04 -0.31
-0.02 -0.06 -0.27
0.04 -0.04 -0.24
0.05 -0.05 -0.28
-0.06 -0.14 -0.54
-0.02 -0.09 -0.30
-0.01 -0.05 -0.22
-0.02 -0.08 -0.25
0.08 -0.04 -0.31
0.03 -0.06 -0.23
0.01 -0.04 -0.23
-0.00 -0.07 -0.30
0.08 -0.05 -0.28
0.04 -0.04 -0.22
0.01 -0.03 -0.27
0.06 -0.06 -0.31
0.00 -0.12 -0.42
-0.01 -0.06 -0.22
0.02 -0.06 -0.29
0.05 -0.05 -0.31
-0.01 -0.07 -0.27
0.02 -0.07 -0.26
0.04 -0.06 -0.26
0.04 -0.04 -0.23
-0.02 -0.07 -0.24
-0.00 -0.13 -0.41
-0.02 -0.08 -0.24
0.01 -0.02 -0.25
0.02 -0.06 -0.28
0.08 -0.06 -0.31
0.07 -0.05 -0.29
-0.01 -0.00 -0.30
-0.03 -0.07 -0.23
0.01 -0.09 -0.28
-0.01 -0.08 -0.26
0.04 -0.04 -0.39
0.01 -0.06 -0.25
-0.00 -0.01 -0.27
-0.02 -0.08 -0.25
0.02 -0.06 -0.22
0.01 -0.04 -0.28
-0.02 -0.05 -0.23
0.01 -0.08 -0.29
-0.00 -0.01 -0.28
0.03 -0.07 -0.22
-0.01 -0.06 -0.25
0.05 -0.06 -0.28
0.04 -0.05 -0.23
0.04 -0.06 -0.27
-0.01 -0.07 -0.25
0.04 -0.06 -0.26
-0.03 -0.08 -0.23
-0.03 -0.07 -0.26
0.00 -0.08 -0.28
-0.00 -0.06 -0.30
0.00 -0.05 -0.31
0.01 -0.14 -0.38
-0.02 -0.05 -0.31
-0.02 -0.05 -0.23
-0.03 -0.10 -0.36
-0.00 -0.00 -0.32
-0.04 -0.10 -0.38
0.07 -0.05 -0.29
0.01 -0.12 -0.36
-0.04 -0.11 -0.24
-0.00 -0.06 -0.26
0.06 -0.08 -0.28
0.08 -0.05 -0.25
-0.02 -0.07 -0.28
-0.03 -0.10 -0.25
0.07 -0.06 -0.24
0.04 -0.08 -0.28
0.00 -0.08 -0.27
-0.03 -0.07 -0.24
-0.01 -0.06 -0.26
-0.02 -0.05 -0.23
0.09 -0.05 -0.27
-0.02 -0.08 -0.32
0.03 -0.07 -0.28
0.02 -0.02 -0.25
0.01 -0.07 -0.24
0.01 -0.04 -0.42
-0.02 -0.05 -0.23
0.05 -0.05 -0.29
0.01 -0.11 -0.29
0.00 -0.00 -0.28
0.04 -0.05 -0.22
0.07 -0.04 -0.42
-0.01 -0.09 -0.24
0.01 -0.02 -0.26
0.02 -0.04 -0.22
0.00 -0.02 -0.38
-0.00 -0.05 -0.22
0.07 -0.05 -0.33
0.07 -0.07 -0.29
-0.03 -0.05 -0.30
0.05 -0.04 -0.43
-0.01 -0.05 -0.28
0.06 -0.05 -0.28
0.04 -0.05 -0.25
-0.00 -0.14 -0.44
-0.02 -0.13 -0.50
-0.02 -0.08 -0.35
0.07 -0.07 -0.30
0.00 -0.08 -0.27
0.08 -0.04 -0.25
0.02 -0.07 -0.27
-0.02 -0.09 -0.23
0.01 -0.03 -0.30
-0.01 -0.06 -0.26
-0.04 -0.09 -0.24
0.01 -0.01 -0.25
0.00 -0.13 -0.30
-0.01 -0.07 -0.25
-0.01 -0.06 -0.24
-0.02 -0.08 -0.25
0.03 -0.07 -0.29
0.08 -0.05 -0.29
-0.00 -0.07 -0.27
0.08 -0.06 -0.32
0.02 -0.07 -0.24
-0.00 -0.00 -0.37
0.01 -0.12 -0.30
-0.00 -0.03 -0.26
0.00 -0.06 -0.24
0.06 -0.05 -0.36
0.06 -0.05 -0.26
-0.01 -0.05 -0.29
0.05 -0.05 -0.29
-0.00 -0.02 -0.41
-0.01 -0.05 -0.22
0.01 -0.06 -0.27
-0.02 -0.08 -0.24
0.00 -0.02 -0.25
-0.02 -0.07 -0.24
0.00 -0.12 -0.33
0.01 -0.05 -0.28
-0.03 -0.07 -0.31
0.07 -0.05 -0.28
0.00 -0.03 -0.31
0.05 -0.04 -0.23
-0.00 -0.06 -0.21
0.08 -0.07 -0.27
0.01 -0.01 -0.35
-0.03 -0.08 -0.25
0.03 -0.07 -0.27
-0.01 -0.05 -0.26
-0.02 -0.07 -0.26
0.00 -0.05 -0.31
0.00 -0.10 -0.29
-0.02 -0.08 -0.25
-0.05 -0.13 -0.52
-0.00 -0.00 -0.29
0.01 -0.06 -0.26
0.01 -0.05 -0.30
0.06 -0.05 -0.25
-0.03 -0.06 -0.26
0.10 -0.04 -0.34
0.04 -0.05 -0.26
0.04 -0.06 -0.24
0.06 -0.05 -0.30
0.05 -0.05 -0.36
-0.04 -0.11 -0.38
-0.02 -0.07 -0.26
-0.00 -0.05 -0.29
-0.02 -0.05 -0.27
0.06 -0.05 -0.28
0.00 -0.09 -0.26
0.07 -0.05 -0.30
0.04 -0.05 -0.36
0.00 -0.07 -0.28
0.00 -0.04 -0.31
0.01 -0.04 -0.29
-0.01 -0.05 -0.23
0.02 -0.06 -0.25
0.01 -0.08 -0.28
0.08 -0.06 -0.29
-0.01 -0.07 -0.29
0.08 -0.05 -0.31
-0.03 -0.07 -0.29
0.07 -0.04 -0.30
-0.01 -0.05 -0.24
0.07 -0.05 -0.30
0.02 -0.07 -0.26
-0.02 -0.08 -0.25
-0.00 -0.07 -0.28
0.00 -0.08 -0.30
0.01 -0.06 -0.26
0.01 -0.02 -0.41
-0.05 -0.14 -0.50
-0.03 -0.08 -0.24
-0.02 -0.06 -0.23
0.01 -0.01 -0.35
0.03 -0.05 -0.28
-0.04 -0.11 -0.39
0.01 -0.06 -0.25
0.07 -0.09 -0.27
0.04 -0.06 -0.27
-0.01 -0.07 -0.26
0.02 -0.07 -0.26
0.07 -0.07 -0.28
-0.00 -0.07 -0.26
0.03 -0.07 -0.28
0.01 -0.05 -0.29
0.01 -0.06 -0.30
-0.02 -0.06 -0.31
0.05 -0.07 -0.27
-0.01 -0.08 -0.30
-0.01 -0.05 -0.31
-0.01 -0.10 -0.28
-0.05 -0.11 -0.44
-0.01 -0.07 -0.25
-0.01 -0.02 -0.28
-0.02 -0.09 -0.26
0.05 -0.03 -0.22
-0.01 -0.05 -0.28
0.02 -0.08 -0.26
-0.02 -0.04 -0.30
0.04 -0.07 -0.28
-0.05 -0.13 -0.48
0.02 -0.03 -0.29
0.03 -0.06 -0.27
0.01 -0.06 -0.29
-0.00 -0.04 -0.31
-0.00 -0.13 -0.43
0.01 -0.01 -0.44
-0.01 -0.16 -0.48
-0.03 -0.08 -0.23
0.09 -0.05 -0.25
0.01 -0.02 -0.39
-0.01 -0.08 -0.25
0.02 -0.07 -0.27
-0.00 -0.07 -0.22
0.06 -0.04 -0.36
0.08 -0.07 -0.29
-0.01 -0.05 -0.22
0.01 -0.02 -0.33
0.03 -0.02 -0.44
-0.00 -0.08 -0.26
0.07 -0.07 -0.28
0.07 -0.04 -0.28
0.00 -0.04 -0.31
0.05 -0.05 -0.29
0.07 -0.06 -0.28
0.04 -0.05 -0.23
-0.02 -0.09 -0.23
0.06 -0.05 -0.38
-0.03 -0.08 -0.25
0.05 -0.05 -0.38
0.04 -0.06 -0.22
-0.00 -0.08 -0.28
0.00 -0.02 -0.27
0.02 -0.04 -0.27
-0.01 -0.05 -0.28
0.06 -0.06 -0.31
0.01 -0.08 -0.27
0.00 -0.05 -0.22
0.02 -0.13 -0.33
0.01 -0.11 -0.34
-0.02 -0.06 -0.22
0.00 -0.05 -0.22
0.02 -0.06 -0.25
-0.01 -0.05 -0.24
0.06 -0.06 -0.31
-0.03 -0.06 -0.26
-0.00 -0.06 -0.28
-0.03 -0.07 -0.26
0.01 -0.01 -0.26
-0.00 -0.07 -0.24
0.01 -0.15 -0.39
-0.04 -0.08 -0.23
0.02 -0.09 -0.28
0.02 -0.07 -0.27
-0.01 -0.15 -0.45
0.08 -0.05 -0.29
0.01 -0.05 -0.24
0.00 -0.08 -0.26
0.03 -0.04 -0.23
0.05 -0.06 -0.29
0.05 -0.06 -0.29
-0.00 -0.04 -0.31
0.00 -0.03 -0.25
-0.00 -0.07 -0.24
0.01 -0.06 -0.25
0.06 -0.04 -0.33
0.01 -0.06 -0.24
-0.01 -0.13 -0.41
0.05 -0.07 -0.27
0.09 -0.07 -0.30
0.03 -0.07 -0.27
0.03 -0.04 -0.23
-0.01 -0.06 -0.30
0.06 -0.06 -0.28
0.01 -0.05 -0.25
0.03 -0.07 -0.29
0.00 -0.08 -0.28
-0.00 -0.08 -0.27
-0.04 -0.09 -0.27
-0.01 -0.14 -0.46
-0.01 -0.10 -0.29
0.01 -0.05 -0.22
0.01 -0.06 -0.28
-0.01 -0.06 -0.24
0.05 -0.07 -0.27
-0.01 -0.08 -0.25
0.02 -0.14 -0.37
0.06 -0.05 -0.29
0.01 -0.07 -0.27
0.03 -0.05 -0.22
0.03 -0.04 -0.24
-0.03 -0.10 -0.38
0.07 -0.06 -0.27
0.01 -0.06 -0.22
-0.02 -0.08 -0.23
-0.01 -0.05 -0.22
0.06 -0.05 -0.26
0.05 -0.06 -0.26
-0.01 -0.07 -0.27
0.04 -0.07 -0.27
0.06 -0.07 -0.28
-0.00 -0.05 -0.31
-0.04 -0.08 -0.23
0.02 -0.08 -0.29
-0.00 -0.08 -0.28
0.03 -0.08 -0.29
-0.01 -0.06 -0.21
0.01 -0.05 -0.22
0.03 -0.04 -0.21
0.01 -0.05 -0.24
-0.03 -0.08 -0.22
-0.04 -0.11 -0.44
0.00 -0.01 -0.35
-0.02 -0.09 -0.23
-0.00 -0.07 -0.28
0.00 -0.14 -0.37
0.03 -0.06 -0.30
-0.02 -0.06 -0.25
-0.00 -0.02 -0.29
-0.01 -0.03 -0.34
0.08 -0.04 -0.27
-0.01 -0.06 -0.23
-0.01 -0.01 -0.32
0.01 0.00 -0.34
-0.02 -0.08 -0.24
0.05 -0.06 -0.23
0.00 -0.07 -0.29
0.01 -0.01 -0.26
-0.02 -0.09 -0.28
0.00 -0.06 -0.25
0.05 -0.04 -0.28
-0.03 -0.08 -0.23
-0.00 -0.07 -0.26
-0.02 -0.06 -0.30
0.03 -0.05 -0.25
-0.01 -0.10 -0.32
-0.03 -0.08 -0.25
0.01 -0.12 -0.34
0.01 -0.05 -0.24
-0.01 -0.07 -0.27
0.00 -0.08 -0.28
-0.01 -0.10 -0.28
0.00 -0.06 -0.22
-0.00 -0.06 -0.25
0.03 -0.05 -0.22
0.05 -0.07 -0.27
-0.00 -0.14 -0.33
-0.01 -0.07 -0.22
0.03 -0.07 -0.27
0.03 -0.05 -0.24
0.03 -0.05 -0.27
0.05 -0.05 -0.39
-0.01 -0.15 -0.49
0.00 -0.08 -0.24
-0.05 -0.11 -0.40
-0.01 -0.10 -0.27
-0.00 -0.08 -0.28
-0.01 -0.09 -0.25
0.05 -0.05 -0.27
0.04 -0.06 -0.29
-0.01 -0.05 -0.30
-0.01 -0.05 -0.23
0.01 -0.13 -0.31
0.00 -0.06 -0.25
-0.01 -0.04 -0.31
-0.01 -0.06 -0.31
0.01 -0.05 -0.30
0.04 -0.06 -0.41
0.08 -0.05 -0.31
0.05 -0.08 -0.30
0.07 -0.05 -0.30
0.09 -0.05 -0.30
0.00 -0.02 -0.26
-0.03 -0.09 -0.33
0.03 -0.06 -0.22
0.01 -0.11 -0.28
0.01 -0.01 -0.29
-0.04 -0.07 -0.31
0.01 -0.12 -0.36
0.01 -0.09 -0.28
0.00 -0.04 -0.30
-0.02 -0.08 -0.24
-0.04 -0.10 -0.34
-0.01 -0.07 -0.29
0.08 -0.05 -0.30
0.02 -0.06 -0.22
0.08 -0.07 -0.28
0.07 -0.05 -0.25
0.01 -0.08 -0.28
0.01 -0.05 -0.22
0.03 -0.06 -0.28
0.05 -0.04 -0.43
0.01 -0.11 -0.28
-0.00 -0.06 -0.24
0.01 -0.05 -0.21
-0.03 -0.10 -0.36
0.05 -0.05 -0.39
-0.04 -0.09 -0.23
0.02 -0.07 -0.26
-0.01 -0.05 -0.22
0.06 -0.06 -0.25
0.03 -0.06 -0.29
0.07 -0.04 -0.29
-0.02 -0.09 -0.25
-0.04 -0.09 -0.33
0.04 -0.07 -0.27
0.01 -0.07 -0.21
0.01 -0.12 -0.32
0.01 -0.05 -0.22
0.02 -0.06 -0.26
0.06 -0.04 -0.33
-0.02 -0.06 -0.22
-0.05 -0.12 -0.47
-0.00 -0.05 -0.22
-0.02 -0.08 -0.24
-0.01 -0.10 -0.25
-0.02 -0.07 -0.28
0.08 -0.03 -0.37
-0.01 -0.05 -0.22
-0.02 -0.02 -0.29
0.00 -0.11 -0.32
0.03 -0.04 -0.44
0.01 -0.03 -0.25
0.05 -0.04 -0.34
-0.00 -0.08 -0.28
0.00 -0.01 -0.33
-0.02 -0.07 -0.23
0.06 -0.04 -0.36
0.07 -0.06 -0.28
-0.00 -0.05 -0.30
-0.00 -0.05 -0.22
0.01 -0.00 -0.26
0.01 -0.01 -0.35
0.06 -0.05 -0.28
-0.02 -0.07 -0.29
0.05 -0.09 -0.28
0.00 -0.04 -0.22
-0.01 -0.08 -0.30
0.05 -0.05 -0.31
0.01 -0.02 -0.25
0.00 -0.08 -0.26
-0.03 -0.06 -0.25
0.00 -0.03 -0.42
0.07 -0.04 -0.30
-0.01 -0.06 -0.21
0.01 -0.14 -0.34
-0.01 -0.03 -0.37
-0.01 -0.08 -0.26
-0.02 -0.08 -0.24
0.01 -0.15 -0.41
-0.01 0.01 -0.33
0.04 -0.07 -0.26
-0.01 -0.06 -0.31
0.00 -0.05 -0.29
-0.04 -0.12 -0.52
0.05 -0.08 -0.26
-0.01 -0.06 -0.31
-0.00 -0.08 -0.26
-0.03 -0.07 -0.22
0.02 -0.05 -0.25
0.00 -0.02 -0.26
0.01 -0.05 -0.26
0.02 -0.05 -0.24
0.00 -0.06 -0.30
0.06 -0.04 -0.25
-0.05 -0.11 -0.43
0.00 -0.10 -0.28
-0.01 -0.06 -0.21
-0.03 -0.13 -0.51
0.05 -0.06 -0.27
-0.04 -0.10 -0.42
0.04 -0.07 -0.29
0.01 -0.01 -0.34
-0.01 -0.09 -0.28
-0.05 -0.12 -0.46
0.01 -0.06 -0.25
0.04 -0.07 -0.26
0.04 -0.08 -0.28
0.02 -0.07 -0.27
0.07 -0.05 -0.29
0.04 -0.07 -0.27
0.04 -0.07 -0.28
0.03 -0.06 -0.27
-0.00 -0.07 -0.26
-0.04 -0.09 -0.36
-0.00 -0.06 -0.21
-0.01 -0.08 -0.24
0.04 -0.05 -0.30
0.04 -0.06 -0.27
-0.00 -0.01 -0.30
0.01 -0.08 -0.28
-0.03 -0.06 -0.29
0.06 -0.06 -0.35
0.01 -0.14 -0.36
0.01 -0.06 -0.28
-0.04 -0.11 -0.43
-0.00 -0.05 -0.25
0.01 -0.05 -0.25
0.01 -0.06 -0.28
0.04 -0.05 -0.25
0.02 -0.06 -0.29
0.03 -0.07 -0.27
-0.02 -0.06 -0.28
-0.01 -0.11 -0.28
-0.03 -0.08 -0.22
-0.00 -0.15 -0.44
0.01 -0.05 -0.30
0.01 -0.05 -0.26
0.01 -0.04 -0.31
-0.01 -0.06 -0.22
0.03 -0.06 -0.28
-0.01 -0.07 -0.24
0.01 -0.06 -0.28
0.08 -0.07 -0.29
-0.02 -0.08 -0.31
-0.01 -0.06 -0.29
-0.01 -0.08 -0.25
0.07 -0.08 -0.28
-0.01 -0.13 -0.46
0.06 -0.06 -0.30
0.07 -0.05 -0.34
0.00 -0.16 -0.39
0.05 -0.04 -0.25
0.08 -0.04 -0.30
0.06 -0.07 -0.28
0.00 -0.08 -0.29
0.04 -0.06 -0.26
-0.06 -0.12 -0.45
0.01 -0.05 -0.21
-0.01 -0.07 -0.28
-0.00 -0.08 -0.30
0.01 -0.10 -0.30
-0.03 -0.08 -0.32
-0.00 -0.03 -0.42
-0.02 -0.07 -0.25
-0.01 -0.01 -0.38
-0.02 -0.08 -0.22
0.01 -0.06 -0.29
-0.00 -0.09 -0.31
-0.00 -0.06 -0.22
0.00 -0.04 -0.25
0.01 -0.14 -0.40
0.01 -0.08 -0.24
0.00 -0.08 -0.28
0.01 -0.05 -0.25
-0.01 -0.06 -0.27
0.06 -0.06 -0.31
-0.00 0.00 -0.30
0.08 -0.08 -0.28
-0.02 -0.09 -0.24
0.05 -0.06 -0.29
0.01 -0.04 -0.25
0.02 -0.04 -0.22
0.04 -0.06 -0.27
0.04 -0.05 -0.31
-0.02 -0.07 -0.23
-0.04 -0.15 -0.52
-0.02 -0.07 -0.25
0.06 -0.06 -0.26
-0.02 -0.16 -0.52
-0.03 -0.07 -0.23
-0.05 -0.12 -0.49
0.04 -0.08 -0.26
-0.01 -0.01 -0.30
0.07 -0.04 -0.27
0.01 -0.06 -0.22
0.02 -0.10 -0.25
0.03 -0.05 -0.22
0.01 -0.01 -0.33
0.04 -0.05 -0.28
0.03 -0.07 -0.26
0.00 -0.01 -0.29
-0.01 -0.04 -0.31
0.07 -0.07 -0.28
-0.00 -0.07 -0.26
0.01 -0.02 -0.26
-0.03 -0.08 -0.26
-0.01 -0.08 -0.27
-0.05 -0.13 -0.48
0.06 -0.06 -0.28
-0.01 -0.07 -0.31
-0.00 -0.11 -0.29
0.00 -0.04 -0.25
0.00 -0.06 -0.25
0.07 -0.06 -0.29
0.00 -0.02 -0.37
-0.02 -0.07 -0.24
-0.01 -0.01 -0.30
-0.01 -0.06 -0.31
0.00 -0.14 -0.47
-0.02 -0.10 -0.25
0.01 -0.06 -0.22
0.05 -0.05 -0.25
0.07 -0.06 -0.30
0.03 -0.07 -0.27
0.05 -0.07 -0.26
0.04 -0.06 -0.27
0.03 -0.06 -0.27
0.03 -0.06 -0.23
0.04 -0.06 -0.24
-0.01 -0.14 -0.49
-0.04 -0.12 -0.43
0.01 -0.12 -0.34
-0.01 -0.06 -0.25
0.00 -0.12 -0.37
0.02 -0.05 -0.21
0.00 -0.05 -0.27
0.02 -0.06 -0.24
-0.02 -0.06 -0.27
0.06 -0.04 -0.31
0.00 -0.08 -0.28
-0.02 -0.02 -0.26
-0.00 -0.07 -0.24
0.01 -0.05 -0.25
0.04 -0.05 -0.25
-0.01 -0.10 -0.28
0.07 -0.06 -0.29
-0.01 -0.08 -0.26
0.03 -0.08 -0.29
0.00 -0.13 -0.33
0.06 -0.06 -0.30
0.00 -0.07 -0.30
-0.01 -0.10 -0.29
0.01 -0.08 -0.27
-0.02 -0.05 -0.24
0.01 -0.12 -0.32
-0.00 -0.12 -0.49
-0.02 -0.05 -0.26
0.08 -0.05 -0.23
0.05 -0.05 -0.39
-0.01 -0.09 -0.28
-0.02 -0.06 -0.23
-0.05 -0.10 -0.38
-0.04 -0.10 -0.42
0.01 -0.03 -0.30
-0.02 -0.06 -0.31
-0.00 -0.13 -0.32
0.01 -0.03 -0.42
-0.03 -0.06 -0.23
0.08 -0.04 -0.37
-0.01 -0.07 -0.24
-0.02 -0.07 -0.29
-0.02 -0.07 -0.29
-0.02 -0.07 -0.29
-0.01 -0.10 -0.25
-0.03 -0.10 -0.37
0.00 -0.07 -0.30
0.04 -0.06 -0.26
0.00 -0.02 -0.30
-0.01 -0.07 -0.27
0.04 -0.05 -0.31
0.00 -0.05 -0.22
0.01 -0.05 -0.21
0.07 -0.08 -0.27
0.01 -0.14 -0.43
0.07 -0.07 -0.28
-0.00 -0.01 -0.38
0.01 -0.06 -0.25
-0.00 -0.07 -0.24
-0.00 -0.02 -0.36
0.03 -0.06 -0.37
-0.00 -0.09 -0.30
-0.03 -0.07 -0.29
0.03 -0.05 -0.25
-0.01 -0.11 -0.34
0.05 -0.07 -0.28
0.00 -0.03 -0.26
0.09 -0.06 -0.29
-0.00 -0.06 -0.24
-0.03 -0.09 -0.33
0.01 -0.06 -0.30
0.07 -0.05 -0.28
0.00 0.00 -0.36
0.07 -0.07 -0.30
-0.02 -0.07 -0.23
-0.01 -0.07 -0.24
0.07 -0.05 -0.24
-0.01 -0.06 -0.22
0.02 -0.06 -0.25
0.02 -0.05 -0.24
0.03 -0.06 -0.26
-0.01 -0.01 -0.28
-0.00 -0.07 -0.27
-0.01 -0.15 -0.50
-0.01 -0.06 -0.22
-0.00 -0.06 -0.28
0.04 -0.04 -0.43
0.06 -0.05 -0.29
0.01 -0.06 -0.28
-0.01 -0.11 -0.29
0.02 -0.07 -0.27
-0.02 -0.07 -0.22
0.05 -0.06 -0.28
0.07 -0.05 -0.29
0.04 -0.06 -0.24
0.01 -0.06 -0.25
-0.02 -0.04 -0.29
-0.00 -0.08 -0.30
-0.05 -0.13 -0.45
-0.01 -0.05 -0.31
0.01 -0.13 -0.32
0.07 -0.06 -0.30
0.01 -0.08 -0.28
-0.04 -0.11 -0.43
0.01 -0.05 -0.23
-0.01 -0.03 -0.30
-0.01 -0.07 -0.25
-0.00 -0.11 -0.29
-0.01 -0.09 -0.30
0.02 -0.05 -0.23
0.01 -0.09 -0.27
0.00 -0.12 -0.30
0.06 -0.06 -0.24
-0.03 -0.08 -0.23
0.00 -0.07 -0.28
-0.04 -0.11 -0.45
0.00 -0.10 -0.29
-0.01 -0.06 -0.28
-0.01 -0.05 -0.22
0.04 -0.05 -0.24
-0.01 -0.06 -0.23
0.01 -0.13 -0.29
-0.03 -0.08 -0.24
-0.01 -0.08 -0.24
0.08 -0.05 -0.30
-0.02 -0.06 -0.24
0.01 -0.05 -0.21
0.00 -0.02 -0.37
-0.01 -0.03 -0.27
0.05 -0.05 -0.28
0.05 -0.07 -0.30
0.03 -0.06 -0.23
0.01 -0.06 -0.27
0.05 -0.07 -0.29
0.00 -0.08 -0.29
0.00 -0.05 -0.21
0.00 -0.05 -0.25
-0.00 -0.02 -0.29
0.07 -0.06 -0.31
-0.01 -0.04 -0.31
0.01 -0.08 -0.27
-0.01 -0.04 -0.22
-0.01 -0.07 -0.25
-0.02 -0.06 -0.22
-0.03 -0.10 -0.34
0.05 -0.07 -0.26
-0.00 -0.10 -0.29
0.01 -0.06 -0.26
0.05 -0.07 -0.28
-0.01 -0.01 -0.33
0.03 -0.07 -0.29
0.04 -0.06 -0.22
0.04 -0.06 -0.30
0.07 -0.08 -0.29
0.04 -0.06 -0.27
-0.02 -0.10 -0.36
0.00 -0.07 -0.24
0.05 -0.07 -0.29
-0.00 -0.11 -0.28
0.00 -0.02 -0.35
-0.00 -0.02 -0.28
-0.03 -0.10 -0.24
0.04 -0.07 -0.30
-0.01 -0.05 -0.22
0.00 -0.07 -0.25
-0.04 -0.08 -0.23
0.01 -0.05 -0.22
-0.01 -0.06 -0.22
0.05 -0.06 -0.28
0.06 -0.05 -0.24
0.06 -0.05 -0.26
0.02 -0.08 -0.27
0.01 -0.06 -0.28
0.04 -0.05 -0.23
-0.01 -0.03 -0.31
-0.01 -0.06 -0.22
-0.03 -0.08 -0.24
0.05 -0.06 -0.32
-0.00 -0.02 -0.35
0.05 -0.08 -0.28
-0.01 -0.05 -0.29
-0.03 -0.08 -0.22
0.04 -0.06 -0.23
0.08 -0.06 -0.34
0.05 -0.07 -0.29
-0.00 -0.06 -0.27
-0.01 -0.05 -0.28
-0.01 -0.08 -0.26
0.06 -0.06 -0.31
-0.00 -0.01 -0.31
0.09 -0.06 -0.29
0.05 -0.05 -0.40
-0.04 -0.11 -0.41
0.08 -0.05 -0.29
-0.01 -0.07 -0.30
0.05 -0.05 -0.32
0.08 -0.06 -0.27
0.04 -0.07 -0.30
0.01 -0.14 -0.36
0.01 -0.06 -0.22
0.02 -0.05 -0.22
-0.03 -0.09 -0.24
0.01 -0.06 -0.31
-0.02 -0.07 -0.23
-0.01 -0.07 -0.24
-0.01 -0.01 -0.38
-0.00 -0.06 -0.31
-0.02 -0.06 -0.30
0.00 -0.10 -0.28
-0.01 -0.07 -0.27
-0.00 -0.08 -0.30
-0.05 -0.13 -0.49
0.07 -0.07 -0.27
-0.02 -0.16 -0.52
-0.01 -0.06 -0.24
0.03 -0.07 -0.27
-0.02 -0.09 -0.30
0.01 -0.12 -0.30
0.00 -0.10 -0.29
0.04 -0.05 -0.28
0.00 -0.13 -0.36
-0.00 -0.06 -0.21
0.07 -0.05 -0.29
0.08 -0.05 -0.29
0.06 -0.07 -0.27
0.06 -0.04 -0.42
0.02 -0.07 -0.26
0.02 -0.10 -0.26
-0.01 -0.07 -0.30
-0.02 -0.08 -0.23
-0.01 -0.15 -0.47
-0.03 -0.05 -0.29
0.07 -0.07 -0.29
0.04 -0.07 -0.29
-0.02 -0.16 -0.49
-0.01 -0.08 -0.24
0.01 -0.11 -0.33
-0.03 -0.09 -0.34
-0.01 -0.08 -0.25
0.05 -0.03 -0.31
0.01 -0.06 -0.24
0.05 -0.06 -0.28
0.02 -0.06 -0.25
0.01 -0.02 -0.26
-0.01 -0.07 -0.25
-0.03 -0.08 -0.26
0.04 -0.07 -0.23
0.00 -0.03 -0.30
0.04 -0.09 -0.28
-0.03 -0.10 -0.24
0.01 -0.11 -0.34
0.00 -0.05 -0.22
0.07 -0.03 -0.26
-0.02 -0.07 -0.22
-0.00 -0.07 -0.25
0.06 -0.07 -0.28
0.06 -0.06 -0.28
0.01 -0.15 -0.41
0.08 -0.05 -0.23
-0.02 -0.04 -0.26
-0.04 -0.10 -0.33
-0.02 -0.05 -0.22
0.03 -0.06 -0.28
0.01 -0.09 -0.27
0.00 -0.11 -0.29
0.02 -0.06 -0.27
0.01 -0.07 -0.24
-0.00 -0.03 -0.25
-0.02 -0.04 -0.22
-0.01 -0.10 -0.28
0.02 -0.06 -0.28
0.02 -0.02 -0.44
0.00 -0.12 -0.33
0.00 -0.14 -0.46
-0.04 -0.07 -0.24
-0.00 -0.05 -0.31
0.02 -0.07 -0.26
-0.05 -0.11 -0.40
-0.03 -0.11 -0.34
-0.02 -0.04 -0.30
0.01 -0.07 -0.26
0.01 -0.08 -0.26
0.04 -0.07 -0.28
-0.04 -0.14 -0.52
0.07 -0.05 -0.28
-0.00 -0.05 -0.31
-0.03 -0.07 -0.23
0.02 -0.07 -0.27
-0.01 -0.11 -0.29
-0.01 -0.05 -0.25
0.01 -0.06 -0.26
0.01 -0.07 -0.29
-0.02 -0.06 -0.22
-0.01 -0.07 -0.24
0.06 -0.05 -0.38
0.00 -0.05 -0.23
0.05 -0.06 -0.27
-0.02 -0.05 -0.22
-0.03 -0.05 -0.29
0.03 -0.04 -0.23
-0.02 -0.08 -0.35
0.07 -0.07 -0.28
0.04 -0.05 -0.39
0.01 -0.13 -0.34
-0.01 -0.08 -0.29
-0.01 -0.01 -0.34
0.03 -0.05 -0.25
0.03 -0.05 -0.26
0.06 -0.04 -0.31
0.05 -0.03 -0.27
-0.01 -0.04 -0.29
0.04 -0.06 -0.28
-0.01 -0.06 -0.29
0.04 -0.06 -0.29
0.04 -0.06 -0.25
0.03 -0.07 -0.29
0.08 -0.05 -0.31
0.06 -0.06 -0.28
-0.00 -0.01 -0.32
-0.02 -0.08 -0.29
0.04 -0.04 -0.31
-0.01 -0.08 -0.29
-0.02 -0.14 -0.51
-0.02 -0.07 -0.26
0.05 -0.07 -0.28
0.02 -0.06 -0.26
0.04 -0.08 -0.27
0.05 -0.06 -0.23
-0.02 -0.07 -0.24
0.06 -0.04 -0.22
-0.01 -0.07 -0.30
0.01 -0.06 -0.22
-0.02 -0.05 -0.25
-0.06 -0.13 -0.41
-0.01 -0.02 -0.31
0.01 -0.05 -0.22
0.02 -0.07 -0.26
0.00 -0.10 -0.30
0.00 -0.08 -0.30
0.01 -0.12 -0.32
-0.01 -0.04 -0.26
-0.00 -0.07 -0.27
0.01 -0.02 -0.28
-0.02 -0.07 -0.24
0.02 -0.06 -0.25
0.01 -0.01 -0.38
-0.04 -0.11 -0.50
-0.00 -0.06 -0.25
0.06 -0.05 -0.42
0.09 -0.06 -0.29
-0.02 -0.10 -0.28
0.03 -0.04 -0.24
0.01 -0.09 -0.27
0.07 -0.06 -0.28
0.03 -0.05 -0.26
0.06 -0.04 -0.24
0.05 -0.05 -0.28
0.09 -0.05 -0.32
-0.01 -0.08 -0.27
-0.02 -0.04 -0.30
0.05 -0.06 -0.28
-0.03 -0.08 -0.24
0.01 -0.01 -0.38
-0.01 -0.09 -0.28
-0.01 -0.07 -0.24
-0.00 -0.04 -0.31
-0.00 -0.07 -0.24
0.05 -0.07 -0.28
0.06 -0.06 -0.29
0.02 -0.07 -0.27
0.05 -0.07 -0.29
0.07 -0.07 -0.30
0.02 -0.08 -0.26
0.01 -0.09 -0.27
-0.04 -0.13 -0.46
-0.00 -0.07 -0.24
0.01 -0.08 -0.29
0.03 -0.05 -0.27
-0.01 -0.05 -0.22
0.03 -0.05 -0.28
-0.00 -0.02 -0.35
-0.00 -0.06 -0.24
0.09 -0.08 -0.27
0.04 -0.07 -0.29
-0.00 -0.00 -0.36
0.00 -0.05 -0.21
-0.02 -0.07 -0.26
0.03 -0.05 -0.39
0.01 -0.11 -0.29
0.05 -0.05 -0.24
-0.00 -0.07 -0.26
0.03 -0.04 -0.21
0.07 -0.05 -0.30
0.04 -0.05 -0.23
-0.01 -0.10 -0.30
-0.00 -0.04 -0.22
0.10 -0.05 -0.29
0.03 -0.07 -0.26
-0.02 -0.07 -0.27
0.07 -0.06 -0.26
-0.01 -0.07 -0.26
-0.02 -0.07 -0.27
0.00 -0.02 -0.33
-0.00 -0.05 -0.25
0.06 -0.05 -0.30
-0.03 -0.07 -0.25
